
 Indiv. Chain Data age and WCRT in multi-chain model without deadline miss termination 
  chainID Data Age     WCRT 
       1  200.055    0.055 
       2  220.055  100.055 
       3  150.423   50.423 
       4  150.657   50.657 
       5   50.891   20.891 
       6    5.905    2.953 
       7   33.035   13.035 
       8  158.719   58.719 
       9   64.890   24.890 
      10   34.615   14.615 
      11  163.182   63.182 
      12  325.003  125.003 
      13   35.132   15.132 
      14   68.306   28.306 
      15  134.649   67.325 
      16  270.898  135.449 
      17   37.646   17.646 
      18   72.253   32.253 
      19  173.793   73.793 
      20  174.182   74.182 
      21  346.222  146.222 

