
 Avg. Latency per case 
 avg cn1  avg cn2  avg cn3  avg cn4  avg cn5 
  1982.1    104.9   1060.8   1040.8    519.6 
   501.0   1099.0     21.0    394.0    119.8 
  1021.3    502.0    505.1   1002.2    105.4 
    29.1    202.0    145.7    105.3    219.4 
  1484.2      7.0    502.1    549.9    146.8 
    29.8   1001.0   1036.1    504.6      3.0 
    40.3    547.5    299.1    519.2   1468.0 
  1002.2     54.3    204.9      9.8     59.6 
  1009.7   1001.0    202.1    109.9    298.6 
    53.3    514.7   1002.3     68.5    100.3 
   528.5     50.9    123.8     24.8   1000.5 
   147.4   1001.9     51.9    560.3   1009.2 
  1146.6   1047.8    984.7     67.8     11.7 

 Indiv. Chain Latency as single chain 
  chain 1  chain 2  chain 3  chain 4  chain 5 
  1982.1    104.9   1060.8   1040.8    519.6 
   501.0   1099.0     21.0    394.0    119.8 
  1021.3    502.0    505.1   1002.2    105.4 
    29.1    202.0    145.7    105.3    219.4 
  1484.2      7.0    502.1    549.9    146.8 
    29.8   1001.0   1036.1    504.6      3.0 
    40.3    547.5    299.1    519.2   1468.0 
  1002.2     54.3    204.9      9.8     59.6 
  1009.7   1001.0    202.1    109.9    298.6 
    53.3    514.7   1002.3     68.5    100.3 
   528.5     50.9    123.8     24.8   1000.5 
   147.4   1001.9     51.9    560.3   1009.2 
  1146.6   1047.8    984.7     67.8     11.7 

 Indiv Chain Sum of Exe. 
  chain 1  chain 2  chain 3  chain 4  chain 5 
    23.3      0.5     12.9     50.0     36.0 
    17.0     51.9      0.4      9.3      2.5 
    29.1     21.4      5.7     25.3      1.2 
     1.5      4.1     10.8     10.7      0.8 
    60.5      0.4     31.9     10.3      5.2 
     0.6     55.7     17.8     11.8      0.1 
     1.5     34.7      9.1     33.6     37.6 
   105.8      1.3     14.6      0.3      3.4 
    18.5     74.9      5.9      3.7      9.9 
     2.0      7.5     38.9      2.1      9.1 
    63.2      0.3     12.3      0.9     74.4 
     8.8     49.8      1.6     44.7     23.9 
    82.1     26.0    122.9      2.6      0.6 

 Indiv task (m,k) in each chain 
 #set #tsk  chain 1 
   1    1    0  1 
   1    2  508 509 
   1    3    0  1 
   2    1  499 500 
   2    2  500 501 
   2    3    0  1 
   3    1    0  1 
   3    2   19 20 
   3    3  500 501 
   4    1    0  1 
   4    2   19 20 
   4    3    1  2 
   5    1    1  2 
   5    2   50 51 
   5    3    0  1 
   6    1    1  2 
   6    2    4  5 
   6    3    0  1 
   7    1    1  2 
   7    2    0  1 
   7    3    1  2 
   8    1    0  1 
   8    2   49 50 
   8    3  500 501 
   9    1   99 100 
   9    2  100 101 
   9    3    0  1 
  10    1    0  1 
  10    2   24 25 
  10    3   10 11 
  11    1   51 52 
  11    2    0  1 
  11    3    0  1 
  12    1    1  2 
  12    2    1  2 
  12    3    0  1 
  13    1    0  1 
  13    2    4  5 
  13    3  102 103 
