
 Avg. Latency per U 
 avg cn1  avg cn2 
    29.9 
    28.5 
    31.3 
    37.1 
    35.3 
    35.0 
    34.8 
Indiv. Chain Latency 
  chain 1  chain 2 
    27.4 
    29.6 
    32.7 
    30.8 
    29.8 
    24.9 
    32.0 
    32.0 
    29.8 
    34.5 
    44.4 
    32.3 
    28.9 
    38.1 
    39.0 
    30.8 
    40.6 
    33.5 
    40.4 
    32.2 
    31.9 
Indiv Chain Sum of Exe.T 
  chain 1  chain 2 
     3.7 
     4.4 
     6.0 
     6.4 
     3.8 
     4.5 
     4.2 
     8.6 
     4.5 
     9.5 
    15.1 
     9.8 
    11.2 
    10.3 
    13.4 
    12.4 
    16.5 
     8.3 
    17.9 
    11.9 
    13.6 
