
 Indiv task (m,k) in a multi-chain model without deadline miss termination 
   #set #chn #tsk #tid    (m,k) 
     1    1    1    1   11   12 
     1    1    2   17    2    3 
     1    1    3    5    2    3 
     1    1    4    0   11   12 
     1    2    1    2    4    5 
     1    2    2    3    4    5 
     1    3    1    3    4    5 
     1    3    2    2    4    5 
     1    4    1   16    4    5 
     1    4    2    5    4    5 
     1    4    3   17    4    5 
     1    4    4    8    3    4 
     1    5    1    5    4    5 
     1    5    2   18    4    5 
     1    5    3   30    4    5 
     1    6    1   30    4    5 
     1    6    2   22    4    5 
     1    6    3    6    4    5 
     1    6    4   26    4    5 
     1    7    1    8    4    5 
     1    7    2   10    4    5 
     1    8    1   10    4    5 
     1    8    2   17    4    5 
     1    8    3    8    4    5 
     1    8    4   25    4    5 
     1    9    1    9    4    5 
     1    9    2   20    4    5 
     1   10    1   18    4    5 
     1   10    2   23    4    5 
     1   10    3   16    4    5 
     1   10    4   13    4    5 
     1   11    1   28    4    5 
     1   11    2   19    4    5 
     1   11    3   20    4    5 
     1   11    4   24    4    5 
     1   11    5   13    4    5 
     1   12    1   31    4    5 
     1   12    2   44    4    5 
     1   12    3   45    4    5 
     1   12    4   41    4    5 
     1   12    5   46    4    5 
     1   13    1   38    4    5 
     1   13    2   43    4    5 
     1   13    3   33    4    5 
     1   13    4   44    4    5 
     1   13    5   37    4    5 
     1   14    1   39    4    5 
     1   14    2   33    4    5 
     1   15    1   52    4    5 
     1   15    2   49    4    5 
     1   16    1   53    4    5 
     1   16    2   54    4    5 
     1   17    1   53    6    7 
     1   17    2   65    3    4 
     1   17    3   58    3    4 
     1   17    4   54    6    7 
     1   17    5   66    3    4 
     1   18    1   73    4    5 
     1   18    2   67   34   35 
     1   18    3   65   34   35 
     1   18    4   57   34   35 
     1   18    5   64   34   35 
     1   18    6   55   34   35 
     1   18    7   72    4    5 
     1   19    1   58    4    5 
     1   19    2   57    4    5 
     1   19    3   67    4    5 
     1   20    1   67    4    5 
     1   20    2   60    4    5 
     1   20    3   58    4    5 
     1   20    4   62    4    5 
     1   21    1   64    4    5 
     1   21    2   59    4    5 
     1   21    3   68    4    5 
     1   22    1   71    4    5 
     1   22    2   72    4    5 
     1   23    1   72    4    5 
     1   23    2   71    4    5 
     1   24    1   73    4    5 
     1   24    2   72    4    5 
     1   24    3   71    4    5 
     1   25    1   73    4    5 
     1   25    2   72    4    5 
     2    1    1    3    2    3 
     2    1    2    8    2    3 
     2    1    3    4    2    3 
     2    1    4    7    2    3 
     2    2    1    4    4    5 
     2    2    2    7    3    4 
     2    2    3    5    4    5 
     2    2    4   11    4    5 
     2    3    1    7    4    5 
     2    3    2    4    4    5 
     2    4    1   13    4    5 
     2    4    2    6    4    5 
     2    4    3    7    4    5 
     2    4    4   11    4    5 
     2    5    1   14    4    5 
     2    5    2   15    4    5 
     2    5    3    8    4    5 
     2    5    4    9    4    5 
     2    6    1    8    4    5 
     2    6    2   10    4    5 
     2    7    1    9    4    5 
     2    7    2   15    4    5 
     2    7    3   10    4    5 
     2    8    1   15    4    5 
     2    8    2   13    4    5 
     2    9    1   22    4    5 
     2    9    2   16    4    5 
     2    9    3   17    4    5 
     2   10    1   22    4    5 
     2   10    2   21    4    5 
     2   11    1   26    4    5 
     2   11    2   27    4    5 
     2   12    1   27    8    9 
     2   12    2   30    4    5 
     2   12    3   26    8    9 
     2   12    4   29    4    5 
     2   13    1   32    4    5 
     2   13    2   28    4    5 
     2   13    3   31    4    5 
     2   13    4   29    4    5 
     2   14    1   32    4    5 
     2   14    2   34    4    5 
     2   14    3   31    4    5 
     2   14    4   28    4    5 
     2   14    5   29    4    5 
     2   15    1   28    4    5 
     2   15    2   29    4    5 
     2   15    3   32    4    5 
     3    1    1    2    6    7 
     3    1    2   15    2    3 
     3    1    3    1    6    7 
     3    1    4   14    2    3 
     3    1    5   19    2    3 
     3    2    1    1 1086 1087 
     3    2    2   48    3    4 
     3    2    3    2 1086 1087 
     3    2    4   50    3    4 
     3    3    1    2 1086 1087 
     3    3    2   49    3    4 
     3    3    3    1 1086 1087 
     3    3    4   50    3    4 
     3    4    1    4    4    5 
     3    4    2    3    4    5 
     3    5    1   39    4    5 
     3    5    2    3   62   63 
     3    5    3    4   62   63 
     3    5    4   43    4    5 
     3    5    5   42    4    5 
     3    6    1    7    4    5 
     3    6    2    8    4    5 
     3    6    3   17    3    4 
     3    6    4   22    4    5 
     3    6    5   11    4    5 
     3    7    1   17  231  232 
     3    7    2   49    3    4 
     3    7    3   16  231  232 
     3    7    4    8  231  232 
     3    7    5   50    3    4 
     3    8    1   23    4    5 
     3    8    2   26    4    5 
     3    8    3   31    4    5 
     3    8    4   34    4    5 
     3    9    1   28    4    5 
     3    9    2   34    4    5 
     3    9    3   24    4    5 
     3   10    1   31    4    5 
     3   10    2   26    4    5 
     3   11    1   44    4    5 
     3   11    2   43    4    5 
     3   11    3   38    4    5 
     3   11    4   40    4    5 
     3   12    1   41    4    5 
     3   12    2   43    4    5 
     3   12    3   38    4    5 
     3   12    4   44    4    5 
     3   13    1   39    4    5 
     3   13    2   40    4    5 
     3   13    3   42    4    5 
     3   14    1   47    4    5 
     3   14    2   49    4    5 
     3   14    3   50    4    5 
     3   14    4   48    4    5 
     3   15    1   47    4    5 
     3   15    2   48    4    5 
     3   15    3   50    4    5 
     3   16    1   48    4    5 
     3   16    2   49    4    5 
     3   17    1   50    4    5 
     3   17    2   48    4    5 
     3   17    3   49    4    5 
     4    1    1    0    2    3 
     4    1    2    2    2    3 
     4    1    3    1    2    3 
     4    2    1   36    3    4 
     4    2    2    1   61   62 
     4    2    3    0   61   62 
     4    2    4    3   61   62 
     4    2    5   34    4    5 
     4    2    6    2   61   62 
     4    3    1    9    4    5 
     4    3    2    2   32   33 
     4    3    3    1   31   32 
     4    3    4    0   31   32 
     4    3    5   14    4    5 
     4    3    6    7    4    5 
     4    4    1    3   13   14 
     4    4    2    1   13   14 
     4    4    3    4    3    4 
     4    4    4    5    3    4 
     4    4    5    6    3    4 
     4    4    6    0   13   14 
     4    5    1   20   24   25 
     4    5    2   48    3    4 
     4    5    3    2  234  235 
     4    5    4    0  234  235 
     4    5    5    3  234  235 
     4    5    6   57    3    4 
     4    5    7    7   24   25 
     4    6    1    6    4    5 
     4    6    2    4    4    5 
     4    6    3    5    4    5 
     4    7    1    4    4    5 
     4    7    2    6    4    5 
     4    7    3    5    4    5 
     4    8    1   19    4    5 
     4    8    2    4    7    8 
     4    8    3   21    4    5 
     4    8    4    5    7    8 
     4    8    5    6    7    8 
     4    8    6    8    4    5 
     4    9    1   10    4    5 
     4    9    2   13    4    5 
     4    9    3   21    4    5 
     4    9    4    7    4    5 
     4   10    1   19    4    5 
     4   10    2   21    4    5 
     4   10    3    8    4    5 
     4   11    1   12    4    5 
     4   11    2    9    4    5 
     4   12    1   19    4    5 
     4   12    2    9    4    5 
     4   12    3   21    4    5 
     4   13    1   18   28   29 
     4   13    2   22   28   29 
     4   13    3   11   28   29 
     4   13    4   57    3    4 
     4   13    5   63    3    4 
     4   13    6   64    3    4 
     4   14    1   13    4    5 
     4   14    2   18    4    5 
     4   15    1   35    4    5 
     4   15    2   24    4    5 
     4   16    1   25  140  141 
     4   16    2   35  140  141 
     4   16    3   65   28   29 
     4   16    4   37  140  141 
     4   16    5   71    3    4 
     4   16    6   46   28   29 
     4   16    7   69    3    4 
     4   16    8   53   28   29 
     4   17    1   27    4    5 
     4   17    2   40    4    5 
     4   17    3   33    4    5 
     4   17    4   30    4    5 
     4   18    1   34    4    5 
     4   18    2   41    4    5 
     4   18    3   32    4    5 
     4   18    4   27    4    5 
     4   19    1   36    4    5 
     4   19    2   27    4    5 
     4   19    3   32    4    5 
     4   20    1   29    4    5 
     4   20    2   35    4    5 
     4   20    3   28    4    5 
     4   21    1   31    4    5 
     4   21    2   35    4    5 
     4   21    3   43    4    5 
     4   21    4   33    4    5 
     4   22    1   40  153  154 
     4   22    2   69    4    5 
     4   22    3   71    4    5 
     4   22    4   41  153  154 
     4   22    5   36  153  154 
     4   22    6   70    4    5 
     4   23    1   46    4    5 
     4   23    2   47    4    5 
     4   24    1   46    4    5 
     4   24    2   59    4    5 
     4   24    3   47    4    5 
     4   24    4   53    4    5 
     4   24    5   56    4    5 
     4   25    1   61    4    5 
     4   25    2   48    4    5 
     4   25    3   47    4    5 
     4   25    4   55    4    5 
     4   26    1   64    4    5 
     4   26    2   60    4    5 
     4   26    3   52    4    5 
     4   27    1   63    4    5 
     4   27    2   53    4    5 
     4   27    3   55    4    5 
     4   28    1   54    4    5 
     4   28    2   58    4    5 
     4   28    3   55    4    5 
     4   29    1   56    4    5 
     4   29    2   65    4    5 
     4   30    1   67    4    5 
     4   30    2   68    4    5 
     4   30    3   66    4    5 
     4   31    1   66    4    5 
     4   31    2   68    4    5 
     4   31    3   67    4    5 
     4   32    1   68    4    5 
     4   32    2   66    4    5 
     4   32    3   67    4    5 
     4   33    1   67    4    5 
     4   33    2   68    4    5 
     4   34    1   70    4    5 
     4   34    2   71    4    5 
     4   34    3   69    4    5 
     4   35    1   69    4    5 
     4   35    2   71    4    5 
     4   36    1   70    4    5 
     4   36    2   71    4    5 
     5    1    1    1    2    3 
     5    1    2    0    2    3 
     5    2    1    0    3    4 
     5    2    2    1    3    4 
     5    3    1   20    4    5 
     5    3    2   37    4    5 
     5    3    3    9    7    8 
     5    3    4    0   62   63 
     5    3    5   18    7    8 
     5    3    6   25    4    5 
     5    3    7    1   62   63 
     5    3    8    5    7    8 
     5    3    9   34    4    5 
     5    4    1    2    4    5 
     5    4    2    4    4    5 
     5    4    3    3    4    5 
     5    5    1    3    4    5 
     5    5    2    2    4    5 
     5    5    3    4    4    5 
     5    6    1    3    4    5 
     5    6    2    2    4    5 
     5    6    3    4    4    5 
     5    7    1    2   65   66 
     5    7    2    3   65   66 
     5    7    3    4   65   66 
     5    7    4   43    3    4 
     5    7    5   42    3    4 
     5    8    1   43    4    5 
     5    8    2   42    4    5 
     5    8    3    3   83   84 
     5    8    4    2   83   84 
     5    8    5   44    4    5 
     5    8    6    4   83   84 
     5    9    1    2   15   16 
     5    9    2    3   15   16 
     5    9    3   13    3    4 
     5    9    4   18    3    4 
     5    9    5   15    3    4 
     5   10    1    2    6    7 
     5   10    2    4    6    7 
     5   11    1   12    4    5 
     5   11    2   17    4    5 
     5   11    3    5    4    5 
     5   12    1    5    4    5 
     5   12    2   13    4    5 
     5   12    3   16    4    5 
     5   13    1   17    4    5 
     5   13    2    5    4    5 
     5   14    1   44    4    5 
     5   14    2   43    4    5 
     5   14    3    7   18   19 
     5   14    4    6   18   19 
     5   14    5   12   18   19 
     5   15    1    6    4    5 
     5   15    2   10    4    5 
     5   15    3    8    4    5 
     5   15    4   12    4    5 
     5   16    1    7    4    5 
     5   16    2   11    4    5 
     5   16    3   17    4    5 
     5   17    1   15    4    5 
     5   17    2    9    4    5 
     5   17    3   11    4    5 
     5   18    1   12    4    5 
     5   18    2   15    4    5 
     5   18    3   14    4    5 
     5   18    4   10    4    5 
     5   19    1   17    4    5 
     5   19    2   11    4    5 
     5   19    3   14    4    5 
     5   20    1   43    4    5 
     5   20    2   18   20   21 
     5   20    3   14   20   21 
     5   20    4   11   20   21 
     5   20    5   42    4    5 
     5   20    6   44    4    5 
     5   21    1   40    4    5 
     5   21    2   30    4    5 
     5   21    3   24    4    5 
     5   22    1   34    4    5 
     5   22    2   33    4    5 
     5   22    3   27    4    5 
     5   23    1   40    4    5 
     5   23    2   34    4    5 
     5   23    3   35    4    5 
     5   24    1   42    4    5 
     5   24    2   37   10   11 
     5   24    3   43    4    5 
     5   24    4   44    4    5 
     5   24    5   41   10   11 
     5   25    1   43    4    5 
     5   25    2   44    4    5 
     5   25    3   42    4    5 
     5   26    1   63    4    5 
     5   26    2   62    4    5 
     5   26    3   64    4    5 
     5   26    4   42   79   80 
     5   26    5   44   79   80 
     5   27    1   61    4    5 
     5   27    2   47    4    5 
     5   28    1   59    4    5 
     5   28    2   53    4    5 
     5   28    3   48    4    5 
     5   28    4   55    4    5 
     5   29    1   57    4    5 
     5   29    2   60    4    5 
     5   29    3   49    4    5 
     5   30    1   50    4    5 
     5   30    2   53    4    5 
     5   30    3   61    4    5 
     5   31    1   60    4    5 
     5   31    2   55    4    5 
     5   31    3   61    4    5 
     5   32    1   60    4    5 
     5   32    2   56    4    5 
     5   32    3   57    4    5 
     5   33    1   64    4    5 
     5   33    2   62    4    5 
     6    1    1    0    2    3 
     6    1    2    1    2    3 
     6    2    1   58    4    5 
     6    2    2   55    4    5 
     6    2    3   51   31   32 
     6    2    4   54   31   32 
     6    2    5   56    4    5 
     6    2    6   49   31   32 
     6    2    7   57    4    5 
     6    2    8    1 3035 3036 
     6    2    9    0 3035 3036 
     6    3    1    3    4    5 
     6    3    2    2    4    5 
     6    4    1    2    4    5 
     6    4    2    3    4    5 
     6    5    1    3    4    5 
     6    5    2    2    4    5 
     6    6    1    3  121  122 
     6    6    2    2  121  122 
     6    6    3   42    3    4 
     6    6    4   36   13   14 
     6    6    5   30   13   14 
     6    6    6   27   13   14 
     6    6    7   46    3    4 
     6    7    1   55    4    5 
     6    7    2    2 1604 1605 
     6    7    3   56    4    5 
     6    7    4   57    4    5 
     6    7    5    3 1604 1605 
     6    7    6   58    4    5 
     6    8    1   58    4    5 
     6    8    2    3 1604 1605 
     6    8    3   57    4    5 
     6    8    4    2 1604 1605 
     6    8    5   55    4    5 
     6    8    6   56    4    5 
     6    9    1    9    4    5 
     6    9    2   18    4    5 
     6    9    3   17    4    5 
     6   10    1   29    4    5 
     6   10    2   27    4    5 
     6   10    3   30    4    5 
     6   11    1   36    4    5 
     6   11    2   30    4    5 
     6   11    3   34    4    5 
     6   12    1   41    4    5 
     6   12    2   40    4    5 
     6   12    3   44    4    5 
     6   12    4   43    4    5 
     6   13    1   48    4    5 
     6   13    2   43    4    5 
     6   13    3   42    4    5 
     6   14    1   56    4    5 
     6   14    2   55    4    5 
     6   15    1   56    4    5 
     6   15    2   57    4    5 
     6   15    3   55    4    5 
     6   16    1   55    4    5 
     6   16    2   56    4    5 
     6   16    3   57    4    5 
     6   17    1   57    4    5 
     6   17    2   55    4    5 
     6   17    3   56    4    5 
     6   18    1   57    4    5 
     6   18    2   55    4    5 
     6   18    3   56    4    5 
     6   18    4   58    4    5 
     6   19    1   55    4    5 
     6   19    2   57    4    5 
     6   19    3   58    4    5 
     6   20    1   57    4    5 
     6   20    2   56    4    5 
     6   21    1   57    4    5 
     6   21    2   58    4    5 
     7    1    1    0    2    3 
     7    1    2    1    2    3 
     7    2    1    1    3    4 
     7    2    2    0    3    4 
     7    3    1    9    4    5 
     7    3    2    3    4    5 
     7    3    3   14    4    5 
     7    3    4    4    4    5 
     7    3    5   17    4    5 
     7    4    1   58    4    5 
     7    4    2   17  331  332 
     7    4    3   11  331  332 
     7    4    4   57    4    5 
     7    4    5   12  331  332 
     7    4    6   15  331  332 
     7    4    7   55    4    5 
     7    4    8   18  331  332 
     7    5    1   19    4    5 
     7    5    2   26    4    5 
     7    5    3   29    4    5 
     7    5    4   21    4    5 
     7    6    1   19   14   15 
     7    6    2   32    3    4 
     7    6    3   49    3    4 
     7    6    4   30   14   15 
     7    6    5   51    3    4 
     7    6    6   46    3    4 
     7    7    1   28    4    5 
     7    7    2   22    4    5 
     7    7    3   21    4    5 
     7    7    4   20    4    5 
     7    7    5   26    4    5 
     7    8    1   23    4    5 
     7    8    2   27    4    5 
     7    8    3   20    4    5 
     7    9    1   26    4    5 
     7    9    2   25    4    5 
     7    9    3   23    4    5 
     7   10    1   32    4    5 
     7   10    2   39    4    5 
     7   11    1   53    4    5 
     7   11    2   34    4    5 
     7   11    3   33    4    5 
     7   12    1   49    4    5 
     7   12    2   36    4    5 
     7   12    3   45    4    5 
     7   12    4   43    4    5 
     7   13    1   56    4    5 
     7   13    2   55    4    5 
     7   13    3   57    4    5 
     7   13    4   58    4    5 
     7   14    1   56    4    5 
     7   14    2   55    4    5 
     7   14    3   58    4    5 
     7   15    1   58    4    5 
     7   15    2   55    4    5 
     7   16    1   57    4    5 
     7   16    2   58    4    5 
     7   16    3   56    4    5 
     8    1    1    0    2    3 
     8    1    2    1    2    3 
     8    2    1    0    3    4 
     8    2    2    1    3    4 
     8    3    1    1    4    5 
     8    3    2    0    4    5 
     8    4    1    3  113  114 
     8    4    2   36    3    4 
     8    4    3   42    3    4 
     8    4    4   38    3    4 
     8    4    5    2  113  114 
     8    4    6    4  113  114 
     8    5    1    2 1125 1126 
     8    5    2   49    3    4 
     8    5    3   50    3    4 
     8    5    4    4 1125 1126 
     8    5    5    3 1125 1126 
     8    5    6   48    3    4 
     8    6    1    4    4    5 
     8    6    2    3    4    5 
     8    7    1    6    4    5 
     8    7    2    9    4    5 
     8    7    3   21    4    5 
     8    7    4   15    4    5 
     8    8    1    6    4    5 
     8    8    2   13    4    5 
     8    8    3   19    4    5 
     8    9    1   49    4    5 
     8    9    2   38   32   33 
     8    9    3   22  317  318 
     8    9    4   15  317  318 
     8    9    5   48    4    5 
     8    9    6   50    4    5 
     8    9    7    6  317  318 
     8    9    8   45   32   33 
     8    9    9   36   32   33 
     8   10    1   18    4    5 
     8   10    2    7    4    5 
     8   10    3   14    4    5 
     8   10    4   13    4    5 
     8   11    1   22    4    5 
     8   11    2    8    4    5 
     8   11    3   10    4    5 
     8   12    1    8    4    5 
     8   12    2   11    4    5 
     8   13    1    9    4    5 
     8   13    2   17    4    5 
     8   13    3   21    4    5 
     8   13    4   22    4    5 
     8   13    5   15    4    5 
     8   14    1   19   29   30 
     8   14    2   42    3    4 
     8   14    3   16   29   30 
     8   14    4   41    3    4 
     8   14    5   17   29   30 
     8   14    6    9   29   30 
     8   14    7   40    3    4 
     8   14    8   21   29   30 
     8   15    1   13    4    5 
     8   15    2   15    4    5 
     8   15    3   16    4    5 
     8   16    1   25    4    5 
     8   16    2   27    4    5 
     8   16    3   34    4    5 
     8   16    4   30    4    5 
     8   17    1   36    4    5 
     8   17    2   37    4    5 
     8   17    3   29   18   19 
     8   17    4   32   18   19 
     8   17    5   34   18   19 
     8   17    6   40    4    5 
     8   17    7   26   18   19 
     8   17    8   41    4    5 
     8   18    1   28    4    5 
     8   18    2   31    4    5 
     8   18    3   33    4    5 
     8   19    1   35    4    5 
     8   19    2   33    4    5 
     8   20    1   43    4    5 
     8   20    2   37    4    5 
     8   20    3   36    4    5 
     8   20    4   46    4    5 
     8   21    1   42    4    5 
     8   21    2   40    4    5 
     8   21    3   39    4    5 
     8   21    4   43    4    5 
     8   22    1   48    4    5 
     8   22    2   51    4    5 
     8   22    3   41   36   37 
     8   22    4   39   36   37 
     8   22    5   45   36   37 
     8   22    6   49    4    5 
     8   23    1   44    4    5 
     8   23    2   41    4    5 
     8   23    3   43    4    5 
     8   24    1   46    4    5 
     8   24    2   44    4    5 
     8   24    3   41    4    5 
     8   24    4   45    4    5 
     8   25    1   43    4    5 
     8   25    2   46    4    5 
     8   26    1   49    4    5 
     8   26    2   51    4    5 
     8   26    3   48    4    5 
     8   26    4   50    4    5 
     8   27    1   51    4    5 
     8   27    2   48    4    5 
     8   27    3   49    4    5 
     8   27    4   50    4    5 
     8   28    1   49    4    5 
     8   28    2   51    4    5 
     8   28    3   48    4    5 
     8   29    1   51    4    5 
     8   29    2   48    4    5 
     8   29    3   49    4    5 
     8   30    1   50    4    5 
     8   30    2   51    4    5 
     8   30    3   48    4    5 
     8   31    1   49    4    5 
     8   31    2   50    4    5 
     8   32    1   49    4    5 
     8   32    2   50    4    5 
     8   32    3   51    4    5 
     9    1    1   11    2    3 
     9    1    2    0   20   21 
     9    1    3    9    2    3 
     9    1    4   13    2    3 
     9    1    5    1   20   21 
     9    2    1   59    4    5 
     9    2    2    1 3042 3043 
     9    2    3   58    4    5 
     9    2    4   57    4    5 
     9    2    5   60    4    5 
     9    2    6    0 3042 3043 
     9    3    1    4    4    5 
     9    3    2    3    4    5 
     9    4    1    4    4    5 
     9    4    2    5    4    5 
     9    4    3    3    4    5 
     9    5    1    4    4    5 
     9    5    2    5    4    5 
     9    5    3    3    4    5 
     9    6    1    3    6    7 
     9    6    2    5    6    7 
     9    6    3   24    3    4 
     9    6    4   20    3    4 
     9    6    5    4    6    7 
     9    7    1    5    4    5 
     9    7    2    4    4    5 
     9    8    1    4   24   25 
     9    8    2   24   12   13 
     9    8    3   44    3    4 
     9    8    4   17   12   13 
     9    8    5    5   24   25 
     9    8    6   20   12   13 
     9    8    7   45    3    4 
     9    8    8   43    3    4 
     9    9    1   22    4    5 
     9    9    2   23    4    5 
     9    9    3    7    4    5 
     9    9    4    8    4    5 
     9   10    1   11    4    5 
     9   10    2    9    4    5 
     9   10    3   26    4    5 
     9   10    4   21    4    5 
     9   10    5   22    4    5 
     9   11    1   42    4    5 
     9   11    2   14    7    8 
     9   11    3   32    4    5 
     9   11    4   29    4    5 
     9   11    5   25    7    8 
     9   11    6   24    7    8 
     9   11    7   37    4    5 
     9   11    8   13    7    8 
     9   12    1   14   14   15 
     9   12    2   44    3    4 
     9   12    3   21   14   15 
     9   12    4   45    3    4 
     9   13    1   34    4    5 
     9   13    2   41    4    5 
     9   13    3   35    4    5 
     9   13    4   28    4    5 
     9   14    1   28    4    5 
     9   14    2   40    4    5 
     9   14    3   42    4    5 
     9   14    4   37    4    5 
     9   15    1   28    4    5 
     9   15    2   40    4    5 
     9   16    1   45    4    5 
     9   16    2   43    4    5 
     9   17    1   51    4    5 
     9   17    2   50    4    5 
     9   17    3   46    4    5 
     9   18    1   46    4    5 
     9   18    2   52    4    5 
     9   18    3   53    4    5 
     9   19    1   54    4    5 
     9   19    2   46    4    5 
     9   20    1   48    4    5 
     9   20    2   53    4    5 
     9   21    1   55    4    5 
     9   21    2   49    4    5 
     9   21    3   53    4    5 
     9   22    1   58    4    5 
     9   22    2   57    4    5 
     9   23    1   60    4    5 
     9   23    2   59    4    5 
     9   23    3   57    4    5 
     9   24    1   58    4    5 
     9   24    2   59    4    5 
    10    1    1    1    2    3 
    10    1    2    0    2    3 
    10    1    3    3    2    3 
    10    1    4    2    2    3 
    10    2    1    0  104  105 
    10    2    2    1  104  105 
    10    2    3   39    3    4 
    10    2    4    2  104  105 
    10    2    5   40    3    4 
    10    3    1    3    4    5 
    10    3    2    1    4    5 
    10    3    3    0    4    5 
    10    4    1    1    6    7 
    10    4    2    0    6    7 
    10    4    3    5    3    4 
    10    4    4    4    3    4 
    10    5    1    0    4    5 
    10    5    2    3    4    5 
    10    6    1   14    4    5 
    10    6    2   19    4    5 
    10    6    3   20    4    5 
    10    6    4   21    4    5 
    10    6    5    3   31   32 
    10    6    6    9    4    5 
    10    6    7    1   31   32 
    10    7    1    4    4    5 
    10    7    2    5    4    5 
    10    8    1    4    4    5 
    10    8    2    5    4    5 
    10    9    1    4    4    5 
    10    9    2    5    4    5 
    10   10    1   34    8    9 
    10   10    2    4   73   74 
    10   10    3    5   73   74 
    10   10    4   39    3    4 
    10   10    5   38    8    9 
    10   10    6   41    3    4 
    10   10    7   36    8    9 
    10   10    8   29    8    9 
    10   11    1    6    4    5 
    10   11    2    7    4    5 
    10   12    1    6    4    5 
    10   12    2    7    4    5 
    10   13    1   43    4    5 
    10   13    2   42    4    5 
    10   13    3   32    9   10 
    10   13    4   29    9   10 
    10   13    5    7   34   35 
    10   13    6   39    4    5 
    10   13    7    6   34   35 
    10   13    8   31    9   10 
    10   14    1   24   14   15 
    10   14    2   43    3    4 
    10   14    3    8   14   15 
    10   14    4   42    3    4 
    10   14    5   17   14   15 
    10   14    6   21   14   15 
    10   15    1   21    6    7 
    10   15    2   24    6    7 
    10   15    3   20    6    7 
    10   15    4   31    3    4 
    10   15    5   26    3    4 
    10   15    6   29    3    4 
    10   15    7   10    6    7 
    10   15    8   17    6    7 
    10   16    1   16    4    5 
    10   16    2   11    4    5 
    10   16    3   24    4    5 
    10   16    4   19    4    5 
    10   16    5   18    4    5 
    10   17    1   15    4    5 
    10   17    2   17    4    5 
    10   18    1   34    8    9 
    10   18    2   29    8    9 
    10   18    3   39    4    5 
    10   18    4   43    4    5 
    10   18    5   40    4    5 
    10   18    6   33    8    9 
    10   18    7   26    8    9 
    10   18    8   41    4    5 
    10   19    1   27    4    5 
    10   19    2   38    4    5 
    10   19    3   35    4    5 
    10   19    4   31    4    5 
    10   20    1   34    4    5 
    10   20    2   27    4    5 
    10   21    1   40    4    5 
    10   21    2   39    4    5 
    10   21    3   42    4    5 
    10   21    4   43    4    5 
    10   21    5   41    4    5 
    10   22    1   39    4    5 
    10   22    2   40    4    5 
    10   22    3   42    4    5 
    10   23    1   39    4    5 
    10   23    2   40    4    5 
    10   23    3   43    4    5 
    10   24    1   41    4    5 
    10   24    2   42    4    5 
    10   24    3   39    4    5 
    10   25    1   42    4    5 
    10   25    2   40    4    5 
    10   26    1   43    4    5 
    10   26    2   40    4    5 
    10   26    3   42    4    5 
    10   27    1   50    4    5 
    10   27    2   49    4    5 
    10   27    3   40    8    9 
    10   27    4   42    8    9 
    10   28    1   42    4    5 
    10   28    2   43    4    5 
    10   29    1   45    4    5 
    10   29    2   47    4    5 
    10   29    3   46    4    5 
    10   29    4   44    4    5 
    10   30    1   50    4    5 
    10   30    2   45    4    5 
    10   30    3   44    4    5 
    10   30    4   48    4    5 
    10   31    1   51    4    5 
    10   31    2   49    4    5 
    10   31    3   44    4    5 
    10   32    1   45    4    5 
    10   32    2   46    4    5 
    10   32    3   53    4    5 
    10   33    1   47    4    5 
    10   33    2   48    4    5 
    10   33    3   50    4    5 
    10   34    1   51    4    5 
    10   34    2   49    4    5 
    10   34    3   47    4    5 
    10   35    1   50    4    5 
    10   35    2   51    4    5 
