
 Indiv. Chain Data age and WCRT in multi-chain model without deadline miss termination 
  chainID Data Age     WCRT 
       1   10.112    0.112 
       2  150.672   50.672 
       3   60.518   20.518 
       4   60.862   20.862 
       5    3.756    1.756 
       6   62.170   22.170 
       7  111.076   55.538 
       8   62.910   22.910 
       9   63.322   23.322 
      10   17.541    7.541 
      11  314.355  114.355 
      12   63.986   23.986 
      13   64.133   24.133 
      14    7.648    3.824 
      15   34.342   14.342 
      16   53.821   26.911 
      17  131.960   65.980 

