
 Count of not schedulable tasksets: 2 
 Mean of utilization:    0.293 
 Median of utilization:    0.292 
 Indiv. Chain Reaction time and WCRT in multi-chain model without deadline miss termination 
  chnPrio   ReactT     WCRT   origID 
Min. utilization: 0.158 
       1   10.032    0.032        6 
       2   15.032    5.032       22 
       3 3006.391 1006.391       17 
       4  110.414   50.414       14 
       5 2038.091 1018.091       13 
       6   32.539   12.539        8 
       7   32.634   12.634        9 
       8   33.157   13.157       24 
       9   35.156   15.156        7 
      10   35.717   15.717       30 
      11   36.659   16.659        2 
      12   36.748   16.748       36 
      13   36.941   16.941       34 
      14   72.243   32.243       18 
      15   72.361   32.361       20 
      16  339.788  139.788       39 
      17  289.855  144.928       38 
      18   73.124   33.124        4 
      19   73.307   33.307       16 
      20   73.343   33.343       32 
      21   73.633   33.633       26 
      22  347.931  147.931       33 
      23  689.078  289.078       15 
      24 2829.092 1414.546       40 
      25  578.573  289.287       11 
      26  348.562  148.562       10 
      27  348.684  148.684       19 
      28  348.813  148.813       28 
      29  348.914  148.914        3 
      30 3418.539 1418.539       12 
      31  349.165  149.165       23 
      32  349.235  149.235       25 
      33  349.245  149.245       21 
      34  349.345  149.345       29 
      35  690.909  290.909       37 
      36 3425.097 1425.097       27 
      37 3425.100 1425.100        1 
      38 3425.105 1425.105       35 
      39 3425.108 1425.108       31 
      40 3425.112 1425.112        5 

Min. utilization: 0.199 
       1   21.724    1.724       13 
       2  310.347  110.347        7 
       3    6.736    3.368        8 
       4    7.290    3.645       11 
       5   34.584   14.584        1 
       6   35.844   15.844        4 
       7   74.305   34.305        9 
       8   74.507   34.507       12 
       9   74.881   34.881        5 
      10   75.064   35.064        2 
      11   75.238   35.238        6 
      12   75.412   35.412       10 
      13  369.131  169.131        3 
      14  369.414  169.414       14 

Min. utilization: 0.382 
       1   20.354    0.354        8 
       2   30.354   10.354        5 
       3   30.910   10.910        6 
       4   31.057   11.057        2 
       5  310.615  110.615       10 
       6  231.114  111.114        4 
       7   64.497   24.497       12 
       8  312.680  112.680       14 
       9  312.866  112.866       11 
      10  313.178  113.178        1 
      11  313.434  113.434        7 
      12  527.308  227.308        3 
      13  313.841  113.841       15 
      14 3126.578 1126.578       13 
      15 3126.607 1126.607        9 

Min. utilization: 0.348 
       1   10.059    0.059        8 
       2   30.119   10.119        3 
       3   30.505   10.505        1 
       4   31.132   11.132       11 
       5   32.947   12.947        4 
       6  325.493  125.493       12 
       7  165.026   65.026        2 
       8  165.113   65.113       10 
       9  326.325  126.325       13 
      10  326.766  126.766        5 
      11  327.112  127.112        6 
      12  327.242  127.242        7 
      13 3238.834 1238.834        9 

Min. utilization: 0.272 
       1    2.171    0.171       13 
       2    3.171    1.171       18 
       3   48.878   24.439        5 
       4  161.614   61.614       17 
       5  249.856  124.928       19 
       6   27.577   13.789       14 
       7    7.657    3.828       20 
       8  658.018  329.009        3 
       9 3291.710 1645.855        9 
      10   41.910   20.955        7 
      11 3341.480 1670.740       10 
      12   77.894   37.894        8 
      13   78.854   38.854       23 
      14  374.989  174.989       15 
      15   79.761   39.761       21 
      16  191.932   91.932       16 
      17 3741.368 1741.368       11 
      18  192.839   92.839        4 
      19  378.898  178.898       24 
      20  379.231  179.231        6 
      21  379.372  179.372        2 
      22  379.542  179.542       22 
      23  755.396  355.396        1 
      24  755.406  355.406       12 
      25 3755.933 1755.933       25 

Min. utilization: 0.417 
       1    2.139    0.139        6 
       2    3.139    1.139        9 
       3    3.321    1.321       14 
       4    3.503    1.503       17 
       5  176.723   76.723        4 
       6   35.721   15.721        5 
       7   36.783   16.783       19 
       8   37.026   17.026        1 
       9   73.287   33.287       15 
      10   73.380   33.380       16 
      11   73.490   33.490        3 
      12  183.846   83.846        2 
      13  183.984   83.984        7 
      14  185.281   85.281       18 
      15  185.606   85.606       10 
      16  369.606  169.606       12 
      17  369.733  169.733       11 
      18 3682.918 1682.918       13 
      19 3682.920 1682.920        8 

Min. utilization: 0.315 
       1    4.051    0.051       10 
       2    6.051    2.051       11 
       3   30.309   10.309        4 
       4   30.681   10.681       17 
       5   31.683   11.683       12 
       6   31.987   11.987        6 
       7  137.104   57.104        8 
       8   64.632   24.632       16 
       9   65.218   25.218       14 
      10   65.304   25.304        2 
      11   65.607   25.607       19 
      12   65.810   25.810        9 
      13  162.515   62.515        3 
      14  323.756  123.756       15 
      15  324.385  124.385        5 
      16  324.511  124.511       13 
      17  645.424  245.424       18 
      18  645.432  245.432        1 
      19 3208.518 1208.518        7 

Min. utilization: 0.288 
       1    4.077    0.077        1 
       2    6.077    2.077       25 
       3  104.317   52.158       11 
       4   30.553   10.553       22 
       5   31.206   11.206        2 
       6   32.385   12.385        3 
       7   32.849   12.849       12 
       8   65.619   25.619        5 
       9   65.881   25.881       17 
      10   65.991   25.991       10 
      11   66.243   26.243        4 
      12   66.538   26.538        7 
      13   66.699   26.699       14 
      14   66.761   26.761       15 
      15   66.808   26.808        6 
      16   66.848   26.848       23 
      17  164.508   64.508       20 
      18  164.521   64.521       18 
      19  164.535   64.535       21 
      20  326.474  126.474       19 
      21  326.617  126.617       16 
      22  326.962  126.962       24 
      23  327.431  127.431        9 
      24  327.644  127.644        8 
      25  328.173  128.173       13 

Min. utilization: 0.322 
       1    2.072    0.072        8 
       2    3.072    1.072       11 
       3    3.144    1.144        9 
       4   31.143   11.143        1 
       5   32.243   12.243       13 
       6   32.644   12.644        4 
       7   33.139   13.139        5 
       8   68.343   28.343        3 
       9   68.577   28.577        7 
      10  334.706  134.706        6 
      11  334.847  134.847       10 
      12  335.022  135.022       12 
      13 3335.667 1335.667        2 

Min. utilization: 0.200 
       1  110.820    0.820       31 
       2 2018.204 1008.204       17 
       3    7.484    3.484       40 
       4    7.670    3.670       45 
       5  226.256  113.128       20 
       6  226.970  113.485       34 
       7   65.340   25.340       41 
       8   66.141   26.141        1 
       9   35.329   15.329       49 
      10  324.397  124.397       48 
      11 3209.828 1209.828       18 
      12   37.994   17.994       10 
      13   38.877   18.877       13 
      14  275.739  137.870       15 
      15   45.169   22.585       46 
      16   46.140   23.070       42 
      17   49.360   24.680       11 
      18  309.562  154.781       37 
      19   53.322   26.661       23 
      20   54.089   27.044       19 
      21   78.930   38.930        3 
      22   79.497   39.497       24 
      23   79.882   39.882       12 
      24   94.379   47.190       39 
      25   97.159   48.580       33 
      26   98.206   49.103       44 
      27   99.377   49.689       50 
      28  100.452   50.226       51 
      29 3558.774 1779.387       26 
      30  102.426   51.213       22 
      31  103.877   51.938        9 
      32  105.281   52.640       25 
      33  387.941  193.970       47 
      34  108.842   54.421        6 
      35  109.328   54.664       43 
      36  109.603   54.802        8 
      37  110.016   55.008       21 
      38  110.331   55.165       35 
      39 3867.343 1933.671       38 
      40  397.909  197.909       16 
      41  397.993  197.993       30 
      42  398.066  198.066        2 
      43  398.286  198.286        7 
      44  398.402  198.402       29 
      45  398.680  198.680       27 
      46  398.779  198.779        5 
      47 3949.908 1949.908       32 
      48 3949.911 1949.911       36 
      49 3949.915 1949.915        4 
      50 3949.921 1949.921       28 
      51 3949.928 1949.928       14 

Min. utilization: 0.232 
       1    2.141    0.141       14 
       2 3075.947 1075.947       29 
       3    6.555    2.555        6 
       4    6.587    2.587       21 
       5  219.783  109.783       24 
       6 3105.945 1105.945        5 
       7   33.205   13.205       30 
       8   33.382   13.382       27 
       9   33.931   13.931       25 
      10   34.563   14.563        8 
      11   67.733   27.733       31 
      12   67.901   27.901        4 
      13   67.997   27.997        7 
      14   68.541   28.541       16 
      15   69.265   29.265       12 
      16   69.335   29.335        2 
      17 3295.899 1295.899       11 
      18  334.274  134.274       13 
      19  334.550  134.550       18 
      20  334.880  134.880       28 
      21  335.181  135.181       26 
      22 3306.676 1306.676       19 
      23 3306.680 1306.680       32 
      24 3306.683 1306.683       10 
      25 3306.689 1306.689       17 
      26 3306.695 1306.695       15 
      27 3306.700 1306.700       22 
      28 3306.704 1306.704        3 
      29 3306.708 1306.708        9 
      30 3306.713 1306.713       23 
      31 3306.717 1306.717        1 
      32 3306.719 1306.719       20 

Min. utilization: 0.364 
       1  300.523    0.523       10 
       2   30.523   10.523        2 
       3   30.893   10.893        1 
       4   62.534   22.534        7 
       5   31.847   11.847        9 
       6  311.922  111.922        5 
       7  312.266  112.266        8 
       8  312.477  112.477       12 
       9  312.545  112.545        4 
      10  624.803  224.803       11 
      11 3113.000 1113.000        6 
      12 3113.008 1113.008       13 
      13 3113.015 1113.015        3 

Min. utilization: 0.395 
       1    2.120    0.120        3 
       2    3.120    1.120        8 
       3    3.239    1.239       21 
       4    6.718    2.718        4 
       5    6.823    2.823        5 
       6    6.927    2.927       17 
       7   33.768   13.768       11 
       8  335.603  135.603       19 
       9   34.362   14.362       20 
      10   34.515   14.515       18 
      11  555.577  277.788       14 
      12   69.026   29.026        9 
      13   69.184   29.184        7 
      14  341.795  141.795        2 
      15  341.824  141.824       10 
      16 3409.902 1409.902       22 
      17  342.445  142.445       15 
      18  683.769  283.769        6 
      19  683.794  283.794       12 
      20 3412.677 1412.677       13 
      21 3412.679 1412.679       16 
      22 3412.684 1412.684        1 

Min. utilization: 0.261 
       1    2.028    0.028       21 
       2    3.028    1.028       29 
       3   30.338   10.338       24 
       4  224.402  104.402        4 
       5    6.759    2.759       22 
       6 3063.738 1063.738       13 
       7   16.072    6.072        5 
       8   16.372    6.372       17 
       9   16.673    6.673       26 
      10   33.175   13.175       18 
      11   33.509   13.509       16 
      12   34.096   14.096       12 
      13   34.623   14.623       10 
      14   35.527   15.527        9 
      15   72.625   32.625        3 
      16   72.920   32.920       28 
      17   73.386   33.386       11 
      18   73.470   33.470       27 
      19  177.206   77.206       14 
      20  354.679  154.679       20 
      21  354.830  154.830        2 
      22  355.001  155.001       25 
      23 3052.619 1526.310       15 
      24 3526.604 1526.604        6 
      25 3526.610 1526.610        7 
      26 3526.613 1526.613        1 
      27 3526.616 1526.616        8 
      28 3526.621 1526.621       19 
      29 3526.626 1526.626       23 

Min. utilization: 0.261 
       1    2.061    0.061        8 
       2    3.061    1.061       14 
       3    3.122    1.122       24 
       4  310.232  110.232       26 
       5 3108.623 1108.623        7 
       6   32.522   12.522        3 
       7   33.064   13.064       16 
       8   33.483   13.483       12 
       9 2460.742 1230.371        9 
      10  326.408  126.408       21 
      11   36.586   16.586       25 
      12   37.701   17.701       13 
      13   38.421   18.421       17 
      14   73.971   33.971       27 
      15  348.201  148.201        5 
      16   74.702   34.702       11 
      17 3445.130 1445.130        2 
      18  176.753   76.753       15 
      19  176.791   76.791       20 
      20  176.829   76.829       22 
      21  176.868   76.868       10 
      22  349.580  149.580       23 
      23  349.739  149.739        4 
      24 3449.992 1449.992        6 
      25 3449.997 1449.997       19 
      26 3450.184 1450.184       18 
      27 3450.187 1450.187        1 

Min. utilization: 0.344 
       1   31.345    1.345        4 
       2  305.380  105.380        2 
       3  306.003  106.003       19 
       4  212.958  106.479       14 
       5   32.879   12.879       21 
       6   33.223   13.223        3 
       7   33.879   13.879       12 
       8   65.374   25.374       13 
       9   65.475   25.475       11 
      10   65.763   25.763       15 
      11   65.889   25.889       18 
      12   66.038   26.038        9 
      13   66.373   26.373        1 
      14   67.055   27.055        6 
      15   67.145   27.145       17 
      16  325.264  125.264        5 
      17  325.440  125.440       10 
      18  325.698  125.698       20 
      19  325.779  125.779        8 
      20  325.869  125.869        7 
      21  326.165  126.165       16 

Min. utilization: 0.198 
       1    2.189    0.189        5 
       2   62.269   22.269       12 
       3   31.955   11.955       17 
       4   54.525   24.525       16 
       5   33.576   13.576       21 
       6   35.017   15.017       10 
       7   35.681   15.681        4 
       8   69.722   29.722       19 
       9   69.867   29.867        2 
      10   69.930   29.930       11 
      11   71.200   31.200        3 
      12  345.588  145.588        7 
      13  346.560  146.560        8 
      14  347.174  147.174       15 
      15  347.688  147.688        9 
      16  347.943  147.943        6 
      17  348.736  148.736       13 
      18  349.063  149.063       18 
      19  349.137  149.137       20 
      20  349.210  149.210        1 
      21  349.401  149.401       14 

Min. utilization: 0.335 
       1    2.024    0.024       11 
       2    6.048    2.048        2 
       3    6.156    2.156       20 
       4    6.261    2.261        1 
       5   15.632    5.632       13 
       6   15.651    5.651       15 
       7   31.062   11.062       18 
       8  230.653  110.653        8 
       9   31.939   11.939        6 
      10 2233.476 1116.738       14 
      11   32.490   12.490       10 
      12   33.505   13.505        7 
      13  319.394  119.394        3 
      14  319.638  119.638        4 
      15  319.806  119.806       16 
      16  319.928  119.928       19 
      17 3197.008 1197.008       12 
      18 3197.011 1197.011       17 
      19 3197.017 1197.017        9 
      20 3197.018 1197.018        5 

Min. utilization: 0.246 
       1    2.078    0.078       25 
       2    3.078    1.078       31 
       3    5.311    2.311        2 
       4   15.879    5.879       17 
       5  159.772   59.772       10 
       6 3200.931 1200.931       14 
       7    3.963    1.963       12 
       8    7.453    3.453        7 
       9   53.505   26.753        1 
      10   17.631    7.631       28 
      11  286.382  136.382       26 
      12  169.553   69.553       22 
      13   69.596   29.596        3 
      14   19.935    9.935       23 
      15  342.827  142.827       19 
      16   38.649   18.649        5 
      17   39.906   19.906       18 
      18  192.480   92.480        6 
      19   79.893   39.893       21 
      20   79.990   39.990        9 
      21   89.830   44.915       16 
      22   90.563   45.282       13 
      23 3795.638 1795.638       32 
      24  189.820   94.910       30 
      25  375.136  187.568       27 
      26  197.102   97.102       24 
      27 3849.153 1849.153        4 
      28  197.545   97.545       33 
      29 3856.909 1856.909       29 
      30  197.862   97.862        8 
      31  393.008  193.008       15 
      32  393.347  193.347       11 
      33  393.457  193.457       20 
      34 3877.505 1877.505       34 

Min. utilization: 0.340 
       1    2.078    0.078       27 
       2    3.078    1.078        2 
       3    3.252    1.252        4 
       4  132.972   66.486        9 
       5   29.014   14.507       20 
       6    6.261    3.130        6 
       7   34.820   17.410       25 
       8    7.375    3.688        5 
       9   41.798   20.899        7 
      10   43.598   21.799       12 
      11   51.580   25.790        3 
      12   55.645   27.822       19 
      13   58.306   29.153       16 
      14  271.463  135.732       18 
      15  115.514   57.757       26 
      16  117.815   58.908       11 
      17  118.779   59.390       22 
      18  293.951  146.976       13 
      19  294.330  147.165       15 
      20  294.710  147.355       17 
      21  295.089  147.544       21 
      22  295.468  147.734       10 
      23  295.635  147.818       14 
      24  578.174  289.087        1 
      25  578.980  289.490       23 
      26  579.062  289.531       24 
      27  579.383  289.691        8 

Min. utilization: 0.316 
       1    2.019    0.019        3 
       2    3.019    1.019        5 
       3    3.039    1.039        8 
       4   30.351   10.351        6 
       5  214.553  104.553       23 
       6   31.255   11.255        1 
       7   31.549   11.549       24 
       8   32.218   12.218       22 
       9   32.697   12.697       11 
      10  315.749  115.749       27 
      11 2300.862 1150.431        9 
      12   65.823   25.823       21 
      13 2305.118 1152.559       13 
      14  158.934   58.934       20 
      15  159.104   59.104       10 
      16  159.229   59.229       25 
      17  159.354   59.354        2 
      18  267.986  117.986       18 
      19  318.272  118.272        7 
      20  318.418  118.418       26 
      21 3165.190 1165.190       14 
      22  318.759  118.759       19 
      23  318.929  118.929       15 
      24  319.132  119.132       16 
      25 3169.999 1169.999       17 
      26 3170.063 1170.063        4 
      27 3170.067 1170.067       28 
      28 3170.072 1170.072       12 

Min. utilization: 0.151 
       1    2.057    0.057        6 
       2  222.950  102.950       18 
       3    7.058    3.058       23 
       4   44.192   22.096       28 
       5 2133.107 1066.553       16 
       6    7.358    3.358       21 
       7    7.422    3.422        5 
       8    7.447    3.447       29 
       9   32.332   12.332       24 
      10   32.965   12.965       12 
      11  238.130  119.065       25 
      12 2386.771 1193.386        2 
      13   67.935   27.935       22 
      14  253.112  126.556       20 
      15  256.647  128.324       19 
      16   70.737   30.737       10 
      17   70.884   30.884       17 
      18   71.066   31.066       14 
      19   71.582   31.582        8 
      20   71.865   31.865        3 
      21 3295.957 1295.957       13 
      22  169.964   69.964        7 
      23  336.837  136.837        4 
      24  337.351  137.351       27 
      25  337.414  137.414       15 
      26  337.681  137.681        9 
      27  337.738  137.738        1 
      28 3307.717 1307.717       11 
      29 3307.721 1307.721       26 

Min. utilization: 0.287 
       1    4.086    0.086        6 
       2    6.086    2.086        9 
       3    6.171    2.171       18 
       4   13.514    5.514       11 
       5  220.804  110.402       13 
       6   16.043    6.043        1 
       7   32.956   12.956       12 
       8   53.436   26.718        3 
       9  266.100  133.050       23 
      10   35.732   15.732       14 
      11   35.976   15.976       26 
      12   37.042   17.042        4 
      13   37.630   17.630       27 
      14   37.925   17.925       28 
      15   38.289   18.289       15 
      16   38.498   18.498       20 
      17   76.638   36.638       24 
      18   76.774   36.774       29 
      19   76.904   36.904       17 
      20   77.061   37.061       22 
      21  372.782  172.782        8 
      22  372.977  172.977        2 
      23  372.986  172.986        5 
      24  373.020  173.020       10 
      25  373.098  173.098       16 
      26  373.212  173.212       25 
      27 3688.603 1688.603       21 
      28 3688.608 1688.608       19 
      29 3688.613 1688.613        7 

Min. utilization: 0.314 
       1    2.015    0.015        4 
       2   30.089   10.089        7 
       3   30.666   10.666       10 
       4   30.883   10.883        5 
       5   32.035   12.035        2 
       6   65.075   25.075        8 
       7  317.274  117.274        9 
       8  317.304  117.304        3 
       9  317.440  117.440        1 
      10 3171.505 1171.505        6 

Min. utilization: 0.279 
       1   10.308    0.308        2 
       2   15.308    5.308        9 
       3   61.846   21.846        8 
       4   32.124   12.124       14 
       5   32.412   12.412        1 
       6   54.095   24.095       10 
       7  319.138  119.138       28 
       8   35.150   15.150       12 
       9   36.104   16.104       25 
      10   37.050   17.050       18 
      11   38.115   18.115        6 
      12   75.277   35.277        5 
      13   75.687   35.687       26 
      14   75.987   35.987       29 
      15   76.338   36.338        4 
      16   76.542   36.542       11 
      17   76.789   36.789       13 
      18   76.946   36.946       16 
      19  341.251  170.625       22 
      20   77.946   37.946       19 
      21   78.151   38.151       24 
      22  375.367  175.367       23 
      23  375.636  175.636       17 
      24  376.020  176.020        3 
      25  376.450  176.450       27 
      26 3713.450 1713.450       20 
      27 3713.456 1713.456        7 
      28 3713.458 1713.458       15 
      29 3713.462 1713.462       21 

Min. utilization: 0.327 
       1   10.115    0.115       21 
       2   15.115    5.115       14 
       3   15.226    5.226       25 
       4   30.674   10.674       19 
       5   61.266   21.266        7 
       6   31.211   11.211       26 
       7 2205.712 1102.856        1 
       8   32.348   12.348       13 
       9 2239.663 1119.832        9 
      10   64.434   24.434        4 
      11   64.929   24.929       20 
      12  235.207  115.207       10 
      13   65.482   25.482       17 
      14 2337.264 1168.632       28 
      15   66.514   26.514        3 
      16  238.772  118.772        6 
      17   67.357   27.357       22 
      18   67.702   27.702       11 
      19   68.270   28.270       16 
      20   68.477   28.477        8 
      21  328.541  128.541       23 
      22  328.645  128.645        5 
      23  329.022  129.022       18 
      24  329.065  129.065       15 
      25  329.181  129.181       12 
      26 3234.962 1234.962        2 
      27 3234.967 1234.967       29 
      28 3234.973 1234.973       27 
      29 3234.977 1234.977       24 

Min. utilization: 0.309 
       1    2.206    0.206       14 
       2    3.206    1.206       17 
       3  325.968  125.968       19 
       4    3.689    1.689        1 
       5    3.806    1.806        2 
       6    3.924    1.924       20 
       7   37.205   17.205       15 
       8   37.371   17.371        6 
       9   37.415   17.415       16 
      10  338.779  169.390        7 
      11   39.317   19.317       18 
      12   77.287   37.287        3 
      13  190.928   90.928       12 
      14   77.861   37.861        4 
      15  195.565   95.565        9 
      16  389.015  189.015       10 
      17  389.293  189.293        8 
      18  389.410  189.410       13 
      19  389.558  189.558        5 
      20 3877.773 1877.773       11 

Min. utilization: 0.256 
       1  200.475    0.475       22 
       2  150.475   50.475        1 
       3    3.799    1.799       10 
       4    3.943    1.943       11 
       5   33.153   13.153       15 
       6   33.261   13.261       21 
       7   33.436   13.436       14 
       8   33.597   13.597        3 
       9  326.978  126.978       18 
      10   34.806   14.806        8 
      11 2551.201 1275.600       13 
      12  279.336  129.336       20 
      13  259.691  129.846       23 
      14   69.328   29.328        2 
      15   69.453   29.453        7 
      16  167.928   67.928        9 
      17  168.445   68.445        4 
      18  333.598  133.598       16 
      19  333.947  133.947        6 
      20  334.444  134.444       19 
      21  334.592  134.592       25 
      22  334.694  134.694       24 
      23 3319.800 1319.800        5 
      24 3319.802 1319.802       12 
      25 3319.804 1319.804       17 

Min. utilization: 0.337 
       1  101.101    0.101       15 
       2   15.101    5.101       21 
       3   15.745    5.745       10 
       4   16.670    6.670        3 
       5   17.351    7.351        4 
       6   18.032    8.032       16 
       7   18.713    8.713       19 
       8   38.687   18.687       18 
       9   39.025   19.025       23 
      10   78.626   38.626        5 
      11   39.969   19.969        1 
      12   52.210   26.105       22 
      13  453.878  226.939       28 
      14   98.864   49.432        6 
      15  473.709  236.855        9 
      16  237.944  118.972       17 
      17  238.028  119.014        8 
      18  238.118  119.059       11 
      19  238.208  119.104       25 
      20  238.286  119.143       27 
      21  238.364  119.182       12 
      22  476.418  238.209       20 
      23  477.712  238.856        2 
      24  478.432  239.216       14 
      25  478.917  239.458       26 
      26  497.547  248.773       13 
      27  498.680  249.340        7 
      28  499.491  249.745       24 

Min. utilization: 0.279 
       1 1020.170    0.170        2 
       2  600.170  200.170       15 
       3   30.283   10.283        6 
       4   30.793   10.793        8 
       5  134.739   54.739       16 
       6   63.786   23.786       11 
       7   64.416   24.416        7 
       8   64.451   24.451       14 
       9   64.543   24.543       10 
      10  313.300  113.300       18 
      11  313.407  113.407       17 
      12  313.424  113.424        5 
      13  313.490  113.490        4 
      14  313.896  113.896        9 
      15  627.272  227.272        1 
      16 3127.230 1127.230        3 
      17 3127.233 1127.233       12 
      18 3127.237 1127.237       13 

Min. utilization: 0.232 
       1    2.118    0.118        9 
       2    3.118    1.118       15 
       3  626.877  226.877       10 
       4  627.014  227.014       11 
       5   31.690   11.690       16 
       6   32.628   12.628        8 
       7   32.813   12.813        1 
       8   33.178   13.178       13 
       9   34.733   14.733        4 
      10   69.704   29.704        7 
      11   69.876   29.876        6 
      12   69.985   29.985        2 
      13   70.507   30.507       14 
      14  171.820   71.820        5 
      15  171.848   71.848       12 
      16  343.476  143.476       17 
      17  343.741  143.741        3 

Min. utilization: 0.363 
       1   20.193    0.193        8 
       2   30.193   10.193        3 
       3   53.865   23.865        9 
       4   32.251   12.251       10 
       5   67.045   27.045        4 
       6   67.314   27.314       11 
       7   67.558   27.558        6 
       8  327.791  127.791        1 
       9  327.943  127.943        7 
      10 3248.391 1248.391        2 
      11 3248.396 1248.396        5 
      12 3248.400 1248.400       12 

Min. utilization: 0.233 
       1    4.256    0.256       12 
       2  306.900  106.900       18 
       3   31.401   11.401       10 
       4   32.326   12.326       11 
       5   64.648   24.648        4 
       6   33.632   13.632        8 
       7   33.991   13.991        7 
       8   34.711   14.711       17 
       9   69.247   29.247        5 
      10   69.403   29.403        9 
      11   69.738   29.738       14 
      12   69.814   29.814       16 
      13   69.953   29.953        2 
      14  337.513  137.513        6 
      15  338.030  138.030        1 
      16 3359.239 1359.239        3 
      17 3359.242 1359.242       15 
      18 3359.245 1359.245       13 

Min. utilization: 0.128 
       1    4.068    0.068       23 
       2   60.409   20.409       22 
       3   61.232   21.232        9 
       4  305.020  105.020        3 
       5   32.940   12.940       10 
       6 2152.335 1076.168       12 
       7  115.895   55.895       13 
       8   34.479   14.479       18 
       9   34.942   14.942       20 
      10  158.858   58.858       17 
      11  233.192  116.596        2 
      12  238.629  118.629       11 
      13   68.941   28.941       21 
      14   69.672   29.672        6 
      15   70.321   30.321        8 
      16   70.370   30.370       19 
      17   70.534   30.534        4 
      18  167.217   67.217       14 
      19  167.322   67.322       16 
      20  331.090  131.090        7 
      21  331.184  131.184        5 
      22  331.379  131.379       15 
      23  331.396  131.396        1 

Min. utilization: 0.281 
       1    2.059    0.059        1 
       2    3.059    1.059       12 
       3   30.712   10.712        2 
       4   61.594   21.594       18 
       5  307.858  107.858        7 
       6   31.356   11.356        3 
       7   31.439   11.439       16 
       8   32.146   12.146       14 
       9   32.222   12.222       11 
      10  233.257  113.257        8 
      11   33.449   13.449        6 
      12   66.300   26.300        9 
      13  239.059  119.059        5 
      14   67.045   27.045       20 
      15  239.564  119.564       21 
      16   67.439   27.439       17 
      17   67.628   27.628       15 
      18  325.120  125.120       23 
      19  325.355  125.355       13 
      20  325.598  125.598       10 
      21  325.730  125.730        4 
      22  325.807  125.807       19 
      23  325.894  125.894       22 

Min. utilization: 0.291 
       1    4.042    0.042        7 
       2    6.042    2.042       18 
       3   22.254   10.254       29 
       4   30.528   10.528       20 
       5   31.169   11.169       16 
       6   31.910   11.910        1 
       7   32.639   12.639       28 
       8  323.903  123.903       21 
       9   33.812   13.812       13 
      10   68.176   28.176       25 
      11 2539.750 1269.875       23 
      12   69.399   29.399       14 
      13  330.779  130.779       22 
      14   69.835   29.835        5 
      15   69.935   29.935       11 
      16   70.043   30.043       17 
      17   70.288   30.288       19 
      18  334.684  134.684        2 
      19  334.819  134.819       24 
      20  335.006  135.006       27 
      21  335.139  135.139       12 
      22  335.208  135.208        9 
      23  335.266  135.266       15 
      24  335.355  135.355       26 
      25  335.480  135.480        6 
      26  335.668  135.668        3 
      27 3319.951 1319.951        4 
      28 3319.954 1319.954        8 
      29 3319.957 1319.957       10 

Min. utilization: -1.000 
       1    2.208    0.208        8 
       2    3.208    1.208       15 
       3    3.415    1.415       19 
       4    3.623    1.623       28 
       5    3.831    1.831        5 
       6    6.083    3.042       16 
       7    6.843    3.422       29 
       8   67.627   33.814        3 
       9  787.893  393.946        1 
      10   15.678    7.839       22 
      11  119.819   59.909       13 
      12  127.518   63.759       10 
      13  147.863   73.931       27 
      14 19663.122 9831.561        6 
      15  227.894  113.947       31 
      16 39787.826 19893.913       23 
      17  879.132  439.566       30 
      18 1111.750  555.875       24 
      19   39.000   -1.000       20 
      20  119.000   -1.000       26 
      21   39.000   -1.000        9 
      22   39.000   -1.000       14 
      23   39.000   -1.000       11 
      24   39.000   -1.000        2 
      25   39.000   -1.000        4 
      26  199.000   -1.000        7 
      27  199.000   -1.000       17 
      28  199.000   -1.000       21 
      29  199.000   -1.000       18 
      30 1999.000   -1.000       12 
      31 1999.000   -1.000       25 

Min. utilization: 0.303 
       1    2.055    0.055       10 
       2    3.055    1.055        3 
       3    3.096    1.096        6 
       4    3.318    1.318       23 
       5    3.539    1.539       29 
       6   36.846   16.846       19 
       7   37.130   17.130       24 
       8   37.295   17.295        4 
       9 3683.307 1683.307       11 
      10   75.017   35.017        7 
      11   38.927   18.927        1 
      12   39.093   19.093       16 
      13   39.667   19.667       30 
      14   39.743   19.743       26 
      15   77.997   37.997       31 
      16   78.986   38.986       20 
      17 3793.954 1896.977       15 
      18   79.739   39.739       27 
      19   90.034   45.017       22 
      20   90.917   45.459        2 
      21 3969.201 1969.201       28 
      22   93.636   46.818       12 
      23   94.550   47.275       21 
      24  415.924  207.962       17 
      25  417.897  208.949        5 
      26 4035.461 2017.731        9 
      27 4035.474 2017.737       18 
      28 4035.488 2017.744        8 
      29 4035.506 2017.753       14 
      30 4035.525 2017.762       13 
      31 4035.537 2017.769       25 

Min. utilization: 0.235 
       1    2.134    0.134       12 
       2    3.134    1.134       13 
       3 3155.143 1155.143        2 
       4 2311.293 1155.646       17 
       5    3.867    1.867       16 
       6 3217.314 1217.314        5 
       7   33.147   13.147        8 
       8   33.387   13.387       20 
       9   34.842   14.842        1 
      10  302.970  151.485       18 
      11   37.347   17.347        7 
      12   74.682   34.682        4 
      13   74.700   34.700        9 
      14   75.137   35.137       11 
      15   75.282   35.282       23 
      16   75.308   35.308       15 
      17   75.494   35.494       10 
      18  367.804  167.804        3 
      19  367.865  167.865       21 
      20  367.971  167.971       14 
      21  368.385  168.385       19 
      22  368.641  168.641        6 
      23 3632.788 1632.788       22 

Min. utilization: 0.349 
       1   60.539    0.539        1 
       2   60.539   20.539       17 
       3   30.920   10.920       14 
       4   32.125   12.125       12 
       5   63.985   23.985       15 
       6   64.268   24.268       11 
       7   64.399   24.399        2 
       8  157.100   57.100       18 
       9  157.347   57.347        8 
      10  157.650   57.650       10 
      11  314.911  114.911        4 
      12  158.051   58.051        9 
      13  158.275   58.275        6 
      14  158.542   58.542       19 
      15  316.108  116.108        3 
      16  316.216  116.216       16 
      17  316.840  116.840        5 
      18  317.063  117.063        7 
      19  317.428  117.428       13 

Min. utilization: 0.321 
       1    2.133    0.133       13 
       2    3.133    1.133       24 
       3   23.195   11.597        4 
       4    4.990    2.495        7 
       5    7.518    3.518        5 
       6    7.543    3.543        8 
       7 2629.575 1314.787       12 
       8   17.204    7.204        3 
       9   17.278    7.278        9 
      10   17.353    7.353       14 
      11   17.427    7.427       20 
      12   68.379   28.379       23 
      13   35.073   15.073       25 
      14   35.573   15.573        1 
      15   35.726   15.726       22 
      16   35.834   15.834       11 
      17   36.563   16.563       10 
      18   37.406   17.406       18 
      19   74.810   34.810       17 
      20   74.941   34.941        2 
      21  364.841  164.841       15 
      22  364.954  164.954       16 
      23  365.999  165.999       19 
      24 3619.437 1619.437       21 
      25 3619.442 1619.442        6 

Min. utilization: 0.377 
       1   20.431    0.431       10 
       2 2044.820 1022.410        5 
       3   31.287   11.287        2 
       4   31.651   11.651        1 
       5   31.788   11.788        8 
       6   63.240   23.240       16 
       7   63.296   23.296        3 
       8   63.421   23.421        6 
       9   63.756   23.756        9 
      10   63.890   23.890       15 
      11   63.912   23.912       12 
      12  156.399   56.399       11 
      13  156.566   56.566       13 
      14  311.628  111.628        4 
      15  311.800  111.800       14 
      16  311.831  111.831       17 
      17 3102.311 1102.311        7 
      18 3102.314 1102.314       18 

Min. utilization: 0.355 
       1 1005.028    0.028        7 
       2   30.028   10.028        4 
       3   31.116   11.116       11 
       4   31.390   11.390        9 
       5   31.562   11.562        8 
       6  309.590  109.590        1 
       7   63.732   23.732       13 
       8  230.436  110.436        3 
       9  311.003  111.003       10 
      10  311.152  111.152       12 
      11  311.360  111.360        5 
      12  311.569  111.569       15 
      13 2210.854 1105.427        2 
      14  311.801  111.801        6 
      15 3106.517 1106.517       14 

Min. utilization: 0.304 
       1    4.239    0.239        1 
       2    6.239    2.239       13 
       3   31.431   11.431        6 
       4   33.596   13.596       18 
       5   33.738   13.738       11 
       6   35.258   15.258        2 
       7  347.440  147.440       17 
       8   71.640   31.640        5 
       9  351.173  151.173        3 
      10   73.464   33.464        7 
      11   74.189   34.189       12 
      12   75.016   35.016       14 
      13   75.367   35.367        4 
      14   75.623   35.623       10 
      15  369.838  169.838        9 
      16  369.964  169.964        8 
      17  370.327  170.327       15 
      18  370.591  170.591       16 

Min. utilization: 0.295 
       1    2.139    0.139       13 
       2    3.139    1.139       15 
       3  116.664   58.332       24 
       4  158.773   58.773       14 
       5    3.996    1.996        8 
       6    4.995    2.497       10 
       7    7.721    3.721       16 
       8   68.552   28.552       19 
       9   35.282   15.282       12 
      10   69.282   29.282       21 
      11   35.992   15.992       11 
      12   37.086   17.086        2 
      13   37.565   17.565        6 
      14   38.590   18.590       17 
      15   38.894   18.894        5 
      16   75.463   35.463       18 
      17   75.685   35.685        9 
      18   75.884   35.884        3 
      19   76.827   36.827        7 
      20   76.984   36.984       27 
      21  192.907   92.907       22 
      22  366.647  183.324       25 
      23  370.417  185.209        1 
      24  194.751   94.751        4 
      25  387.005  187.005       23 
      26 3819.205 1819.205       20 
      27 3819.208 1819.208       26 

Min. utilization: 0.437 
       1  200.250    0.250       20 
       2   30.250   10.250       11 
       3   60.649   20.649        4 
       4   60.781   20.781       19 
       5  151.173   51.173        8 
       6  151.332   51.332       16 
       7  302.519  102.519        5 
       8  151.648   51.648       14 
       9  151.695   51.695        3 
      10  151.800   51.800       12 
      11  303.215  103.215       21 
      12  303.744  103.744        1 
      13  303.822  103.822       24 
      14  303.845  103.845       15 
      15  303.900  103.900       10 
      16  304.102  104.102       17 
      17  304.220  104.220       23 
      18  304.271  104.271       22 
      19 3030.473 1030.473        9 
      20 3030.476 1030.476        7 
      21 3030.479 1030.479       13 
      22 3030.483 1030.483       18 
      23 3030.487 1030.487        6 
      24 3030.489 1030.489        2 

Min. utilization: 0.331 
       1    2.063    0.063        1 
       2    3.063    1.063       10 
       3    3.125    1.125       19 
       4   15.564    5.564       23 
       5   16.287    6.287       24 
       6   16.823    6.823       26 
       7   34.717   14.717        2 
       8   35.471   15.471       21 
       9   36.306   16.306       12 
      10   37.542   17.542       17 
      11  353.778  176.889       11 
      12   77.340   37.340       14 
      13   77.605   37.605       18 
      14   77.797   37.797        7 
      15  194.583   94.583       15 
      16  194.845   94.845       25 
      17  195.104   95.104        4 
      18 3833.001 1833.001        5 
      19  195.524   95.524       20 
      20  388.879  188.879        8 
      21  388.893  188.893       22 
      22  388.992  188.992        9 
      23  389.124  189.124        3 
      24  389.215  189.215       16 
      25 3848.746 1848.746        6 
      26 3848.750 1848.750       13 

Min. utilization: 0.273 
       1   31.125    1.125       11 
       2   31.125   11.125        5 
       3  260.597  110.597        4 
       4   33.051   13.051       10 
       5   54.600   24.600        2 
       6   65.269   25.269       12 
       7   65.419   25.419       14 
       8   65.450   25.450       13 
       9   65.662   25.662        1 
      10  317.492  117.492       15 
      11   66.110   26.110        7 
      12  159.955   59.955        6 
      13  163.144   63.144        9 
      14  163.256   63.256       16 
      15  318.750  118.750        8 
      16  318.866  118.866        3 

Min. utilization: 0.197 
       1   10.435    0.435       12 
       2   15.435    5.435       11 
       3  215.138  107.569        5 
       4   16.011    6.011        3 
       5   16.154    6.154        8 
       6   16.378    6.378        7 
       7   32.676   12.676       10 
       8   56.908   26.908        6 
       9  263.537  131.768        2 
      10   35.507   15.507        9 
      11   69.720   29.720        1 
      12   72.289   32.289       15 
      13  345.259  145.259       14 
      14  345.274  145.274       13 
      15  345.401  145.401        4 
      16 3414.515 1414.515       16 

Min. utilization: 0.263 
       1   11.271    0.271        8 
       2   45.542   20.542       26 
       3  211.775  105.888       25 
       4  306.441  106.441        9 
       5    4.777    2.388       12 
       6   27.192   12.192       10 
       7    5.824    2.912        4 
       8   17.394    7.394        6 
       9  254.732  127.366       17 
      10   67.235   27.235       14 
      11 2587.718 1293.859       13 
      12   19.615    9.615       29 
      13   19.799    9.799       19 
      14   23.519   11.760       28 
      15   25.828   12.914       11 
      16   70.947   35.473       30 
      17 3629.996 1629.996       15 
      18   43.867   21.933       16 
      19   78.609   38.609        2 
      20   79.561   39.561       22 
      21   53.260   26.630       31 
      22   92.332   46.166       20 
      23  389.777  189.777        1 
      24  389.934  189.934       21 
      25  392.191  192.191        3 
      26  392.425  192.425        5 
      27  392.577  192.577        7 
      28 3868.972 1868.972       24 
      29 3868.977 1868.977       18 
      30 3868.980 1868.980       23 
      31 3868.982 1868.982       27 

Min. utilization: 0.374 
       1   10.126    0.126        4 
       2   30.253   10.253        3 
       3   31.132   11.132       20 
       4   31.228   11.228        9 
       5   63.983   23.983       26 
       6   64.118   24.118       25 
       7   64.272   24.272       28 
       8   64.823   24.823       19 
       9   64.941   24.941        1 
      10   65.125   25.125       14 
      11   65.268   25.268       23 
      12  159.590   59.590       10 
      13   66.291   26.291       11 
      14  162.469   62.469       16 
      15  162.650   62.650        7 
      16  162.888   62.888       15 
      17  163.126   63.126       13 
      18  163.368   63.368       21 
      19  325.177  125.177       17 
      20  325.252  125.252        2 
      21  325.451  125.451       27 
      22  325.689  125.689       24 
      23  326.039  126.039       18 
      24  326.200  126.200        6 
      25 3213.302 1213.302       12 
      26 3213.306 1213.306        8 
      27 3213.310 1213.310       22 
      28 3213.315 1213.315        5 

Min. utilization: 0.231 
       1    2.244    0.244       15 
       2    6.488    2.488       20 
       3  230.577  115.289       14 
       4 2318.444 1159.222       12 
       5   32.642   12.642        5 
       6  318.948  118.948       19 
       7   33.910   13.910       10 
       8   34.353   14.353       11 
       9 2415.281 1207.641       22 
      10   67.259   27.259        1 
      11  491.749  245.874        7 
      12 2443.958 1221.979       21 
      13  325.146  125.146        4 
      14  325.491  125.491        2 
      15  325.685  125.685        3 
      16  325.846  125.846       13 
      17  326.497  126.497       17 
      18 3233.054 1233.054       23 
      19  326.782  126.782        9 
      20  651.300  251.300        6 
      21  651.322  251.322       18 
      22 3235.821 1235.821       16 
      23 3235.826 1235.826        8 

Min. utilization: 0.172 
       1    4.164    0.164        1 
       2   30.491   10.491       17 
       3   30.695   10.695       19 
       4   31.039   11.039       20 
       5   31.312   11.312        2 
       6   31.477   11.477       21 
       7   31.666   11.666       18 
       8   32.377   12.377       16 
       9   32.631   12.631        9 
      10   33.283   13.283        8 
      11   34.037   14.037        3 
      12   34.376   14.376       22 
      13   34.496   14.496       14 
      14  335.421  135.421       11 
      15  271.556  135.778       13 
      16   70.578   30.578       23 
      17   70.648   30.648       10 
      18   70.820   30.820       12 
      19   71.181   31.181        4 
      20   71.260   31.260       15 
      21  339.603  139.603        5 
      22  339.645  139.645        7 
      23  339.769  139.769        6 

Min. utilization: 0.327 
       1  200.259    0.259       12 
       2  210.259  100.259        3 
       3   30.423   10.423       15 
       4   30.569   10.569        2 
       5   30.661   10.661       16 
       6   62.892   22.892        1 
       7   63.205   23.205       14 
       8   63.384   23.384       13 
       9  310.869  110.869        4 
      10  311.183  111.183        7 
      11  311.366  111.366       10 
      12  311.403  111.403        5 
      13 3102.698 1102.698        9 
      14 3102.702 1102.702       11 
      15 3102.706 1102.706        8 
      16 3102.708 1102.708        6 

Min. utilization: 0.295 
       1    2.040    0.040        1 
       2    3.040    1.040        3 
       3    3.129    1.129       15 
       4   61.966   21.966        7 
       5   31.449   11.449        5 
       6   32.317   12.317        2 
       7   32.670   12.670       13 
       8   32.932   12.932       12 
       9  162.634   62.634        4 
      10   66.417   26.417       14 
      11  164.758   64.758       16 
      12  165.045   65.045        9 
      13  165.268   65.268        6 
      14  328.844  128.844       10 
      15 3258.782 1258.782       11 
      16 3258.784 1258.784        8 

Min. utilization: 0.280 
       1    2.056    0.056       21 
       2    3.056    1.056       23 
       3   30.666   10.666       11 
       4   49.822   24.911        1 
       5   32.719   12.719        2 
       6   59.343   29.343       19 
       7   35.133   15.133       24 
       8 2785.820 1392.910        4 
       9   73.027   33.027        9 
      10   73.357   33.357        6 
      11   73.757   33.757       10 
      12   73.872   33.872       18 
      13  176.216   76.216       12 
      14  176.232   76.232       14 
      15  349.916  149.916       16 
      16  350.607  150.607       20 
      17  350.646  150.646        5 
      18  350.718  150.718       13 
      19 3450.537 1450.537        3 
      20 3450.540 1450.540        8 
      21 3450.544 1450.544       15 
      22 3450.547 1450.547       17 
      23 3450.551 1450.551        7 
      24 3450.553 1450.553       22 

Min. utilization: 0.337 
       1   20.475    0.475       11 
       2  111.425   51.425       15 
       3   31.827   11.827       22 
       4   32.554   12.554       14 
       5   33.015   13.015        8 
       6   65.203   25.203        4 
       7   65.502   25.502       13 
       8   65.903   25.903        6 
       9   66.196   26.196       25 
      10   66.372   26.372       21 
      11  159.895   59.895       16 
      12  163.629   63.629        7 
      13  164.083   64.083        1 
      14  325.501  125.501        9 
      15  325.667  125.667       19 
      16  325.944  125.944        3 
      17  326.158  126.158       17 
      18 3210.028 1210.028        2 
      19 3210.031 1210.031        5 
      20 3210.036 1210.036       23 
      21 3210.041 1210.041       12 
      22 3210.044 1210.044       24 
      23 3210.047 1210.047       18 
      24 3210.054 1210.054       10 
      25 3210.060 1210.060       20 
      26 3210.065 1210.065       26 

Min. utilization: 0.227 
       1   10.629    0.629        1 
       2   15.629    5.629        9 
       3   16.259    6.259       21 
       4   33.777   13.777       10 
       5   34.253   14.253        7 
       6  259.669  129.835       13 
       7   35.989   15.989        3 
       8   36.277   16.277       19 
       9   36.360   16.360       22 
      10  275.794  137.897       18 
      11   72.343   32.343       17 
      12   72.476   32.476       12 
      13   72.580   32.580       15 
      14  174.198   74.198        4 
      15 3419.129 1419.129       23 
      16  346.711  146.711        6 
      17  346.826  146.826        5 
      18  346.969  146.969       20 
      19 3425.091 1425.091       11 
      20 3425.094 1425.094       16 
      21 3425.096 1425.096        2 
      22 3425.100 1425.100       14 
      23 3425.104 1425.104        8 

Min. utilization: 0.223 
       1    2.044    0.044       13 
       2    3.044    1.044       21 
       3  609.279  209.279        3 
       4  304.754  104.754       22 
       5  419.272  209.636       26 
       6  610.138  210.138       20 
       7    6.836    2.836       25 
       8  213.397  106.698        2 
       9    7.456    3.456        1 
      10   31.994   11.994       23 
      11   32.936   12.936       19 
      12   33.198   13.198       17 
      13   67.550   27.550       14 
      14   67.853   27.853        4 
      15  254.317  127.159       18 
      16 2506.015 1253.008        5 
      17   68.994   28.994        6 
      18  166.577   66.577        8 
      19  330.818  130.818       16 
      20  330.950  130.950       12 
      21  656.775  256.775        9 
      22  656.802  256.802       15 
      23 3270.967 1270.967       11 
      24 3270.971 1270.971       10 
      25 3270.976 1270.976       24 
      26 3270.978 1270.978        7 

Min. utilization: 0.244 
       1    2.145    0.145       14 
       2    3.145    1.145       28 
       3    3.289    1.289       29 
       4  327.760  127.760       22 
       5   33.666   13.666       30 
       6   34.630   14.630       23 
       7  693.813  293.813       27 
       8   71.763   31.763       13 
       9  153.409   76.704        8 
      10   37.759   17.759       24 
      11  355.807  155.807       26 
      12   38.990   18.990        7 
      13   75.057   35.057       11 
      14  359.468  159.468       21 
      15  171.048   85.524        2 
      16   76.692   36.692       25 
      17  658.116  329.058        3 
      18  187.692   87.692       20 
      19  188.776   88.776       10 
      20  188.946   88.946        1 
      21  370.616  170.616       17 
      22  371.010  171.010       31 
      23  371.607  171.607       18 
      24  371.852  171.852       12 
      25  372.474  172.474        4 
      26  372.645  172.645       16 
      27  372.723  172.723        9 
      28  372.796  172.796       15 
      29  739.921  339.921        5 
      30  739.925  339.925        6 
      31  739.928  339.928       19 

Min. utilization: 0.319 
       1    2.140    0.140       20 
       2    3.140    1.140       26 
       3   31.680   11.680       13 
       4   47.930   23.965        7 
       5 3252.560 1252.560        1 
       6    5.944    2.972        5 
       7    6.394    3.197       11 
       8    6.806    3.403       27 
       9   10.415    5.207       15 
      10   37.215   17.215       21 
      11 3678.927 1678.927       18 
      12   37.955   17.955        9 
      13   39.043   19.043       23 
      14   78.744   38.744       19 
      15   78.790   38.790        4 
      16   78.844   38.844       14 
      17   78.961   38.961        3 
      18  391.691  191.691       12 
      19 3767.203 1883.601        2 
      20  393.193  193.193       22 
      21  393.809  193.809        8 
      22  393.963  193.963       28 
      23  394.600  194.600       17 
      24  394.676  194.676       10 
      25  394.867  194.867        6 
      26  394.973  194.973       25 
      27 3907.334 1907.334       29 
      28 3907.338 1907.338       16 
      29 3907.342 1907.342       24 

Min. utilization: 0.344 
       1    2.023    0.023       21 
       2    3.023    1.023        2 
       3    3.278    1.278       25 
       4    3.523    1.523        6 
       5    3.765    1.765       30 
       6    6.027    3.013       31 
       7 5326.796 2663.398       20 
       8   58.821   29.410       14 
       9   63.349   31.674        8 
      10 6150.690 3075.345        1 
      11   71.349   35.675       28 
      12   75.656   37.828       26 
      13   95.306   47.653       27 
      14  102.835   51.417       19 
      15  107.850   53.925        7 
      16  115.535   57.768       22 
      17  238.505  119.253        3 
      18  263.774  131.887       15 
      19  266.944  133.472       18 
      20  267.910  133.955       11 
      21  271.620  135.810       10 
      22  279.842  139.921       32 
      23  303.911  151.955       29 
      24 1395.153  697.576        5 
      25  314.758  157.379        4 
      26  315.464  157.732       16 
      27 15394.970 7697.485       12 
      28 1583.034  791.517       24 
      29 1590.612  795.306        9 
      30 1591.181  795.590       13 
      31 1598.532  799.266       17 
      32 15959.000 7979.500       23 

Min. utilization: 0.246 
       1   22.355    0.355       15 
       2   15.355    5.355        9 
       3   30.953   10.953       22 
       4   31.616   11.616       16 
       5  312.955  112.955       14 
       6   32.971   12.971        8 
       7   33.512   13.512       23 
       8   33.901   13.901       18 
       9   34.344   14.344        5 
      10   34.657   14.657       26 
      11   68.982   28.982        4 
      12   69.063   29.063        7 
      13   69.125   29.125       10 
      14  330.819  130.819       12 
      15  331.113  131.113        1 
      16  331.408  131.408       19 
      17  331.461  131.461       17 
      18  331.741  131.741        2 
      19 3292.207 1292.207       11 
      20 3292.212 1292.212       13 
      21 3292.218 1292.218       27 
      22 3292.224 1292.224       24 
      23 3292.229 1292.229       28 
      24 3292.234 1292.234        6 
      25 3292.239 1292.239       21 
      26 3292.244 1292.244        3 
      27 3292.249 1292.249       20 
      28 3292.253 1292.253       25 

Min. utilization: 0.356 
       1   10.258    0.258        8 
       2   15.258    5.258       12 
       3   15.517    5.517       27 
       4   31.551   11.551       14 
       5   32.079   12.079       16 
       6   32.809   12.809       10 
       7   33.207   13.207       15 
       8   33.736   13.736       17 
       9   34.159   14.159        2 
      10  266.934  133.467       11 
      11  269.896  134.948        9 
      12   36.297   16.297       25 
      13  289.813  144.906       13 
      14   72.859   32.859        1 
      15   72.884   32.884        6 
      16   73.604   33.604        5 
      17   73.784   33.784       20 
      18   74.110   34.110       19 
      19  353.058  153.058       23 
      20  306.807  153.404       26 
      21   74.937   34.937        7 
      22   74.955   34.955       28 
      23   75.198   35.198        3 
      24  310.138  155.069       22 
      25  356.213  156.213       18 
      26  356.515  156.515       24 
      27  356.618  156.618       21 
      28  356.969  156.969        4 

Min. utilization: 0.295 
       1    2.122    0.122       19 
       2 2130.480 1065.240       21 
       3  153.427   53.427       29 
       4    3.361    1.361        3 
       5    6.541    2.541       24 
       6    6.572    2.572        1 
       7    6.684    2.684        6 
       8    6.796    2.796       12 
       9   64.777   24.777       16 
      10  643.086  243.086       18 
      11   33.127   13.127       10 
      12   33.238   13.238       13 
      13  328.845  128.845        4 
      14   67.249   27.249       11 
      15   67.516   27.516        7 
      16   67.675   27.675       30 
      17   67.759   27.759        5 
      18  663.177  263.177       14 
      19  167.247   67.247        9 
      20  333.039  133.039       25 
      21  333.136  133.136       27 
      22 2620.988 1310.494       22 
      23  333.333  133.333       23 
      24  665.009  265.009        2 
      25  665.013  265.013       28 
      26 3313.025 1313.025       15 
      27 3313.027 1313.027       17 
      28 3313.032 1313.032       26 
      29 3313.036 1313.036        8 
      30 3313.041 1313.041       20 

Min. utilization: 0.272 
       1    2.095    0.095       15 
       2    3.095    1.095       31 
       3    3.243    1.243       13 
       4  327.640  127.640       16 
       5   17.152    7.152       30 
       6   33.834   13.834       12 
       7    7.005    3.502       24 
       8    7.481    3.741        8 
       9   35.778   17.889       11 
      10  391.714  191.714       33 
      11 3810.372 1905.186        3 
      12   26.946   13.473        1 
      13   49.439   24.720       19 
      14   49.576   24.788        6 
      15   86.701   43.351       25 
      16   50.836   25.418       17 
      17  423.676  211.838       10 
      18 4171.970 2085.985       20 
      19   97.804   48.902       22 
      20   99.166   49.583        5 
      21  102.486   51.243        9 
      22  102.856   51.428       29 
      23  455.133  227.566        7 
      24  455.968  227.984       28 
      25  457.934  228.967       18 
      26  458.507  229.253       27 
      27  459.247  229.624       32 
      28  459.983  229.992        2 
      29  465.402  232.701        4 
      30 4475.641 2237.820       14 
      31 4475.653 2237.826       21 
      32 4475.664 2237.832       23 
      33 4475.676 2237.838       26 

Min. utilization: -1.000 
       1    2.231    0.231       30 
       2    3.231    1.231       12 
       3    3.469    1.469       14 
       4    3.707    1.707       37 
       5   75.933   37.966       25 
       6  402.974  201.487       23 
       7   10.249    5.124        1 
       8  227.602  113.801       36 
       9   11.224    5.612       10 
      10  550.868  275.434        6 
      11   63.411   31.706       35 
      12  327.575  163.787       41 
      13   78.734   39.367        5 
      14  106.587   53.293        3 
      15  118.685   59.343       26 
      16  147.673   73.836       31 
      17 1307.505  653.753       20 
      18  307.730  153.865       34 
      19  190.898   95.449       28 
      20  914.462  457.231       38 
      21  199.923   99.962       11 
      22  306.925  153.463       13 
      23  315.212  157.606       17 
      24  794.732  397.366       33 
      25  559.419  279.709       15 
      26 2359.481 1179.740       32 
      27 3355.132 1677.566       24 
      28 5999.822 2999.911       39 
      29   39.000   -1.000        9 
      30   39.000   -1.000       19 
      31   39.000   -1.000       27 
      32   39.000   -1.000        2 
      33   39.000   -1.000       40 
      34   99.000   -1.000        8 
      35  149.000   -1.000       16 
      36  199.000   -1.000       18 
      37  199.000   -1.000       22 
      38  199.000   -1.000       29 
      39  199.000   -1.000        7 
      40  199.000   -1.000        4 
      41  199.000   -1.000       21 

Min. utilization: 0.179 
       1    2.128    0.128       10 
       2    3.128    1.128       23 
       3   47.603   23.801       16 
       4  322.402  122.402       18 
       5  245.775  122.887       21 
       6   34.594   14.594        4 
       7  164.786   64.786       15 
       8   35.765   15.765       25 
       9   36.380   16.380       14 
      10   37.145   17.145       20 
      11   37.436   17.436        1 
      12   72.485   32.485       22 
      13   72.702   32.702       19 
      14   72.840   32.840        6 
      15   73.205   33.205        3 
      16   73.433   33.433       12 
      17   73.780   33.780        7 
      18   74.459   34.459        2 
      19   74.769   34.769       24 
      20   74.979   34.979       26 
      21  179.025   79.025        8 
      22  357.610  157.610        5 
      23  357.644  157.644        9 
      24  357.867  157.867       13 
      25  358.469  158.469       11 
      26  358.544  158.544       17 

Min. utilization: 0.277 
       1    2.099    0.099        1 
       2    3.099    1.099       30 
       3    6.307    2.307       16 
       4    6.321    2.321       25 
       5  154.674   54.674       19 
       6 3095.908 1095.908        8 
       7   16.303    6.303       11 
       8   16.504    6.504       27 
       9 2294.408 1147.204       12 
      10  117.925   58.963        9 
      11  317.677  117.677       22 
      12   34.371   14.371       26 
      13   34.550   14.550       37 
      14   34.639   14.639       23 
      15   35.123   15.123       20 
      16   35.566   15.566       28 
      17  332.935  132.935       18 
      18   70.762   30.762        7 
      19   70.825   30.825       35 
      20   70.992   30.992       38 
      21   71.160   31.160       14 
      22   71.255   31.255        6 
      23  171.101   71.101       24 
      24  171.490   71.490       32 
      25 2697.381 1348.691       36 
      26  172.454   72.454       29 
      27  339.052  139.052       21 
      28  339.293  139.293        2 
      29  339.359  139.359       33 
      30  339.477  139.477       39 
      31 3355.647 1355.647       10 
      32 3355.651 1355.651       15 
      33 3355.657 1355.657       31 
      34 3355.663 1355.663        4 
      35 3355.667 1355.667       17 
      36 3355.671 1355.671        3 
      37 3355.676 1355.676        5 
      38 3355.681 1355.681       34 
      39 3355.686 1355.686       13 

Min. utilization: 0.201 
       1    4.305    0.305        2 
       2   43.830   21.830       18 
       3   16.247    6.247       14 
       4   16.770    6.770       16 
       5   17.292    7.292        1 
       6   17.374    7.374        8 
       7   34.273   14.273       10 
       8   34.855   14.855        7 
       9   34.965   14.965       15 
      10   35.526   15.526       13 
      11   35.718   15.718        5 
      12   71.497   31.497       17 
      13   71.788   31.788       11 
      14   72.423   32.423        4 
      15   72.730   32.730        9 
      16  351.323  151.323        3 
      17  351.793  151.793        6 
      18  352.372  152.372       12 

Min. utilization: 0.394 
       1    2.241    0.241        3 
       2    3.241    1.241        6 
       3    3.482    1.482       12 
       4    3.722    1.722       11 
       5   19.708    9.708        2 
       6   39.637   19.637        8 
       7  415.193  207.597        4 
       8   86.928   43.464       13 
       9   47.888   23.944        1 
      10   50.214   25.107       14 
      11   95.694   47.847       10 
      12   98.590   49.295        7 
      13   99.128   49.564       16 
      14  238.996  119.498        5 
      15  479.039  239.520       15 
      16 4778.867 2389.433        9 

Min. utilization: 0.320 
       1    4.057    0.057       25 
       2  206.474  101.474       23 
       3   15.346    5.346       10 
       4   15.597    5.597       11 
       5   15.849    5.849       19 
       6   16.101    6.101       22 
       7   16.353    6.353       29 
       8   64.408   24.408        9 
       9   16.934    6.934       13 
      10   33.801   13.801       14 
      11   34.179   14.179       17 
      12  259.019  129.509        7 
      13 3292.549 1292.549       31 
      14   35.531   15.531       12 
      15   35.630   15.630        1 
      16   35.911   15.911       27 
      17   36.794   16.794        5 
      18   72.777   32.777       18 
      19   72.898   32.898       26 
      20   73.287   33.287       20 
      21   73.667   33.667       32 
      22   73.800   33.800       15 
      23   73.911   33.911        8 
      24  308.490  154.245       33 
      25  177.597   77.597        4 
      26 3514.592 1514.592       21 
      27  355.057  155.057        3 
      28  355.192  155.192        2 
      29 3518.178 1518.178        6 
      30 3518.183 1518.183       28 
      31 3518.188 1518.188       16 
      32 3518.192 1518.192       24 
      33 3518.196 1518.196       30 

Min. utilization: 0.288 
       1    2.048    0.048       18 
       2   15.144    5.144       20 
       3   15.564    5.564       14 
       4   15.811    5.811       12 
       5   32.110   12.110       16 
       6   32.440   12.440        2 
       7   65.232   25.232        4 
       8   65.599   25.599        1 
       9 2473.904 1236.952       13 
      10   67.198   27.198       19 
      11   67.543   27.543        5 
      12   67.574   27.574       15 
      13  328.824  128.824       17 
      14  329.051  129.051       10 
      15  329.187  129.187        9 
      16  329.636  129.636        7 
      17  329.947  129.947        3 
      18 3269.130 1269.130        6 
      19 3269.134 1269.134       11 
      20 3269.140 1269.140        8 

Min. utilization: 0.276 
       1   30.477    0.477        2 
       2   30.477   10.477        1 
       3   30.801   10.801       13 
       4   32.280   12.280        9 
       5  238.549  118.549        7 
       6   67.743   27.743       10 
       7   68.295   28.295       15 
       8   68.542   28.542        6 
       9  166.280   66.280       11 
      10  329.368  129.368        4 
      11  329.655  129.655       12 
      12  329.676  129.676       14 
      13  330.119  130.119        3 
      14  330.311  130.311        8 
      15  330.583  130.583        5 

Min. utilization: 0.202 
       1   10.116    0.116        9 
       2  150.697   50.697        3 
       3 2058.458 1029.229       14 
       4   52.823   22.823       12 
       5 3047.818 1047.818       15 
       6   63.348   23.348       20 
       7   63.590   23.590        1 
       8   63.817   23.817        8 
       9  310.212  110.212       18 
      10  156.553   56.553        6 
      11  311.284  111.284       19 
      12 2166.304 1083.152        4 
      13  311.631  111.631       11 
      14  311.697  111.697       17 
      15 2184.999 1084.999       10 
      16  312.062  112.062        5 
      17  312.125  112.125        7 
      18  312.163  112.163       13 
      19  312.221  112.221        2 
      20 3086.353 1086.353       16 

Min. utilization: 0.263 
       1   10.210    0.210        3 
       2  414.420  204.420       13 
       3 3022.418 1022.418       21 
       4 2045.282 1022.641       19 
       5   31.957   11.957        1 
       6   32.011   12.011       14 
       7   32.586   12.586       16 
       8   33.144   13.144       11 
       9   65.005   25.005       17 
      10   65.519   25.519        5 
      11  315.143  115.143        8 
      12   66.184   26.184       10 
      13  316.980  116.980       15 
      14  317.154  117.154        7 
      15 2306.782 1153.391        4 
      16  317.459  117.459        9 
      17  317.566  117.566       20 
      18  317.640  117.640        2 
      19  633.803  233.803        6 
      20 3155.126 1155.126       18 
      21 3155.130 1155.130       12 

Min. utilization: 0.229 
       1  110.994    0.994        3 
       2    3.994    1.994        9 
       3   31.624   11.624        1 
       4   32.565   12.565        4 
       5   33.430   13.430       13 
       6   65.866   25.866        7 
       7   66.296   26.296       15 
       8   66.429   26.429       14 
       9   66.707   26.707        6 
      10  324.706  124.706       11 
      11  324.773  124.773        2 
      12 3214.306 1214.306        5 
      13 3214.309 1214.309       10 
      14 3214.313 1214.313       12 
      15 3214.317 1214.317        8 

Min. utilization: 0.264 
       1    2.221    0.221       29 
       2  225.209  112.605       10 
       3   31.601   11.601        8 
       4   31.698   11.698        6 
       5   53.444   23.444       21 
       6   32.294   12.294       12 
       7  236.723  118.362       25 
       8   33.190   13.190       15 
       9   66.621   26.621        3 
      10   66.790   26.790       22 
      11   66.968   26.968        9 
      12   67.070   27.070       13 
      13  165.079   65.079       23 
      14   67.508   27.508       19 
      15   67.707   27.707       30 
      16  165.864   65.864        1 
      17  166.232   66.232       16 
      18  166.378   66.378       17 
      19  166.524   66.524       26 
      20  166.670   66.670       28 
      21  331.726  131.726       27 
      22  331.999  131.999       14 
      23  332.315  132.315       20 
      24  332.359  132.359        5 
      25  332.427  132.427       18 
      26  332.562  132.562        7 
      27  332.648  132.648        2 
      28  332.894  132.894       11 
      29  333.030  133.030       24 
      30  333.132  133.132        4 

Min. utilization: 0.372 
       1    4.107    0.107        5 
       2   30.322   10.322       10 
       3  111.484   51.484        9 
       4   31.396   11.396        1 
       5   61.923   21.923        8 
       6   62.142   22.142        4 
       7  306.597  106.597        2 
       8  153.668   53.668        7 
       9  153.829   53.829        3 
      10  307.765  107.765        6 

Min. utilization: 0.249 
       1    2.117    0.117        1 
       2    3.117    1.117        4 
       3    3.235    1.235       10 
       4    6.705    2.705       15 
       5  327.219  127.219        6 
       6   28.862   13.862       18 
       7   57.417   28.708        2 
       8   36.816   16.816        8 
       9   38.441   18.441        3 
      10   39.121   19.121       17 
      11   39.688   19.688       21 
      12   91.876   45.938       19 
      13   55.258   27.629       23 
      14   59.806   29.903       20 
      15  107.161   53.581       22 
      16  107.405   53.702       13 
      17  110.813   55.406       16 
      18  114.043   57.022       12 
      19  115.060   57.530        7 
      20  538.380  269.190        5 
      21  538.969  269.485       14 
      22  545.103  272.551       11 
      23  545.902  272.951        9 

Min. utilization: 0.358 
       1    4.047    0.047        7 
       2    6.047    2.047       16 
       3   30.283   10.283        3 
       4   32.322   12.322        5 
       5   33.136   13.136       12 
       6   68.750   28.750       10 
       7   69.303   29.303       11 
       8   69.659   29.659        1 
       9  272.960  136.480        8 
      10   70.773   30.773        2 
      11   70.918   30.918        4 
      12   71.117   31.117       13 
      13   71.606   31.606       15 
      14   72.281   32.281        9 
      15   72.793   32.793       14 
      16   72.838   32.838        6 

Min. utilization: 0.441 
       1    4.045    0.045        6 
       2    6.045    2.045        7 
       3    6.090    2.090        9 
       4   15.269    5.269       11 
       5  304.141  104.141       12 
       6   30.748   10.748        5 
       7   62.057   22.057        2 
       8   62.262   22.262        3 
       9   62.341   22.341        1 
      10   62.511   22.511        4 
      11  308.838  108.838        8 
      12  308.854  108.854       10 

Min. utilization: 0.260 
       1  120.430    0.430        1 
       2   15.430    5.430        4 
       3   31.033   11.033        6 
       4  229.734  114.867        2 
       5   65.647   25.647        7 
       6   66.043   26.043        8 
       7  159.625   59.625        9 
       8  318.552  118.552        3 
       9  318.708  118.708        5 
      10  318.933  118.933       10 

Min. utilization: 0.369 
       1    2.077    0.077       10 
       2    3.077    1.077        9 
       3    3.161    1.161       25 
       4   45.884   22.942        3 
       5    3.613    1.613        5 
       6    3.653    1.653       14 
       7    3.692    1.692       19 
       8    3.732    1.732       21 
       9    3.772    1.772        8 
      10   54.214   27.107       26 
      11  267.552  133.776       29 
      12   34.613   14.613        1 
      13   34.739   14.739       36 
      14   34.785   14.785       24 
      15 3402.866 1402.866        7 
      16   35.621   15.621       33 
      17   35.984   15.984       13 
      18  349.761  149.761       17 
      19   73.509   33.509       11 
      20   73.518   33.518        6 
      21   73.666   33.666       22 
      22  352.822  152.822       18 
      23   74.717   34.717       12 
      24   75.275   35.275       27 
      25  185.063   85.063        2 
      26  359.540  159.540       20 
      27  363.787  163.787       35 
      28  363.865  163.865       15 
      29  364.486  164.486       34 
      30  364.879  164.879       28 
      31  366.512  166.512       30 
      32  366.862  166.862        4 
      33  367.254  167.254       32 
      34 3629.790 1629.790       16 
      35 3629.794 1629.794       31 
      36 3629.796 1629.796       23 

Min. utilization: 0.311 
       1    2.181    0.181        8 
       2    3.181    1.181       13 
       3    3.361    1.361       15 
       4    3.542    1.542       21 
       5  157.768   78.884       10 
       6   35.981   15.981       19 
       7   37.878   17.878        2 
       8   39.383   19.383        6 
       9   91.140   45.570        1 
      10   94.115   47.057       18 
      11   95.416   47.708       12 
      12   97.482   48.741        3 
      13   99.271   49.635       16 
      14   99.462   49.731       17 
      15  454.754  227.377        9 
      16  455.265  227.632       11 
      17 4455.466 2227.733       14 
      18  457.725  228.863        5 
      19  458.437  229.219       20 
      20  458.775  229.387        4 
      21 4470.522 2235.261        7 

Min. utilization: 0.312 
       1   20.196    0.196       18 
       2   50.392   20.392       12 
       3  110.798   50.798       20 
       4   31.743   11.743        1 
       5   32.083   12.083       11 
       6   63.358   23.358       10 
       7   63.582   23.582       17 
       8  155.161   55.161       15 
       9  310.221  110.221        4 
      10  310.536  110.536        9 
      11  310.642  110.642        6 
      12  310.755  110.755       19 
      13  310.849  110.849        8 
      14  311.016  111.016       14 
      15  622.797  222.797        2 
      16  622.823  222.823        3 
      17 3102.523 1102.523        5 
      18 3102.525 1102.525       13 
      19 3102.528 1102.528        7 
      20 3102.531 1102.531       16 

Min. utilization: 0.423 
       1   40.741    0.741       10 
       2   60.741   20.741        8 
       3  222.814  102.814        6 
       4   61.562   21.562       11 
       5  303.917  103.917        3 
       6   62.124   22.124        7 
       7  305.213  105.213        4 
       8  305.323  105.323       15 
       9 3046.996 1046.996       14 
      10  305.673  105.673        9 
      11 3049.512 1049.512       13 
      12 3049.516 1049.516        1 
      13 3049.520 1049.520        2 
      14 3049.524 1049.524        5 
      15 3049.527 1049.527       12 

Min. utilization: 0.234 
       1   20.357    0.357       14 
       2   21.357   10.357       21 
       3    3.788    1.788       18 
       4  439.994  219.997        5 
       5   16.248    6.248       19 
       6   16.419    6.419        4 
       7   16.473    6.473       16 
       8   32.438   12.438       15 
       9   32.957   12.957       13 
      10   65.143   25.143       22 
      11 2378.043 1189.022       11 
      12   65.920   25.920        7 
      13  319.806  119.806       17 
      14  322.326  122.326        3 
      15  322.350  122.350       10 
      16  322.574  122.574        2 
      17  322.963  122.963        8 
      18  323.025  123.025        9 
      19  643.627  243.627        1 
      20  643.633  243.633       12 
      21 3203.333 1203.333        6 
      22 3203.335 1203.335       20 

Min. utilization: 0.230 
       1    2.031    0.031        9 
       2    3.031    1.031       15 
       3    3.062    1.062       24 
       4 2097.867 1048.934       21 
       5   30.932   10.932        2 
       6 3071.987 1071.987       26 
       7   32.562   12.562        3 
       8   34.312   14.312       13 
       9   34.832   14.832       23 
      10   58.483   28.483       14 
      11   36.532   16.532       25 
      12   73.706   33.706       10 
      13   73.884   33.884       18 
      14   74.254   34.254       20 
      15   74.305   34.305       16 
      16  156.221   76.221        8 
      17  176.672   76.672        6 
      18  303.835  151.918        7 
      19  352.262  152.262       17 
      20  352.428  152.428        1 
      21  352.563  152.563        5 
      22  352.752  152.752       12 
      23 3467.897 1467.897        4 
      24 3467.901 1467.901       22 
      25 3467.905 1467.905       11 
      26 3467.909 1467.909       19 

Min. utilization: 0.230 
       1  102.799    0.799       18 
       2   15.799    5.799       17 
       3   15.858    5.858       26 
       4   31.034   11.034       13 
       5   32.002   12.002       14 
       6   33.323   13.323       22 
       7   67.119   27.119       28 
       8   34.373   14.373        8 
       9   34.767   14.767        9 
      10   35.822   15.822       10 
      11   36.265   16.265       25 
      12 2825.718 1412.859        5 
      13   37.032   17.032       11 
      14   72.693   32.693       27 
      15 3437.188 1437.188       16 
      16   73.382   33.382       23 
      17   73.495   33.495        7 
      18   74.019   34.019       12 
      19  176.511   76.511        2 
      20  177.074   77.074       20 
      21  177.636   77.636       21 
      22  355.604  155.604       19 
      23 3515.704 1515.704        6 
      24  356.369  156.369       24 
      25  356.664  156.664       15 
      26 3519.088 1519.088        4 
      27 3519.093 1519.093        1 
      28 3519.096 1519.096        3 

Min. utilization: 0.181 
       1    2.108    0.108        2 
       2  105.831   52.915        6 
       3   30.927   10.927       14 
       4 2303.910 1151.955       17 
       5   33.663   13.663        4 
       6   68.574   28.574       11 
       7   69.776   29.776        7 
       8   70.149   30.149        5 
       9  149.754   69.754       18 
      10  150.571   70.571        8 
      11  170.840   70.840        3 
      12  171.011   71.011        9 
      13  171.182   71.182       10 
      14  171.353   71.353       15 
      15  338.620  138.620       13 
      16  338.929  138.929        1 
      17  339.013  139.013       16 
      18 3354.190 1354.190       12 

Min. utilization: 0.388 
       1   20.229    0.229        1 
       2   30.229   10.229       15 
       3   30.436   10.436       20 
       4  112.859   52.859        3 
       5   31.273   11.273        9 
       6   31.836   11.836       14 
       7   32.230   12.230       24 
       8   54.443   24.443       22 
       9   33.040   13.040       13 
      10   33.330   13.330        8 
      11  159.413   59.413       21 
      12   33.980   13.980       19 
      13  325.616  125.616        4 
      14   57.672   27.672       17 
      15  146.846   66.846       26 
      16   68.685   28.685       10 
      17  259.996  129.998        6 
      18   68.897   28.897       12 
      19  168.134   68.134       25 
      20  331.718  131.718       11 
      21  331.760  131.760        2 
      22  331.831  131.831        5 
      23  331.849  131.849       16 
      24  331.898  131.898       23 
      25  331.947  131.947       18 
      26  332.062  132.062        7 

Min. utilization: 0.294 
       1    2.094    0.094        1 
       2  305.003  105.003       16 
       3   15.464    5.464        7 
       4   15.516    5.516       13 
       5   30.954   10.954       10 
       6   31.800   11.800        8 
       7   64.971   24.971        4 
       8   33.433   13.433       17 
       9 2530.838 1265.419        5 
      10   68.280   28.280        3 
      11   68.767   28.767        9 
      12   69.027   29.027       15 
      13   69.140   29.140       14 
      14   69.595   29.595        6 
      15   69.897   29.897       12 
      16  336.467  136.467       11 
      17  336.506  136.506       18 
      18  336.577  136.577        2 

Min. utilization: 0.355 
       1    4.071    0.071        3 
       2    6.071    2.071       13 
       3   30.495   10.495       11 
       4 3057.510 1057.510        5 
       5   31.032   11.032        7 
       6   31.747   11.747       10 
       7   63.467   23.467        4 
       8   63.499   23.499       12 
       9  156.657   56.657        2 
      10  313.024  113.024        1 
      11  313.324  113.324        8 
      12  313.510  113.510        6 
      13 3125.320 1125.320        9 

Min. utilization: 0.369 
       1    2.017    0.017        9 
       2   15.052    5.052       10 
       3   15.409    5.409       20 
       4   31.532   11.532       21 
       5   31.886   11.886        6 
       6   32.141   12.141       16 
       7   63.825   23.825       23 
       8   63.995   23.995        7 
       9   64.361   24.361        8 
      10   64.520   24.520       15 
      11   64.614   24.614       13 
      12   64.776   24.776       18 
      13   64.939   24.939       14 
      14   65.376   25.376        1 
      15   65.467   25.467        4 
      16  319.245  119.245        3 
      17  319.444  119.444        2 
      18  319.660  119.660       17 
      19 3194.990 1194.990       12 
      20 3194.994 1194.994       11 
      21 3194.999 1194.999       22 
      22 3195.003 1195.003       19 
      23 3195.004 1195.004        5 

Min. utilization: 0.334 
       1    2.144    0.144        3 
       2   15.433    5.433        9 
       3   15.520    5.520       12 
       4   15.608    5.608       17 
       5   62.520   22.520       10 
       6 2250.770 1125.385       18 
       7   32.284   12.284       14 
       8   63.718   23.718        8 
       9   63.811   23.811        4 
      10   63.843   23.843        2 
      11   63.969   23.969        5 
      12   64.213   24.213       13 
      13  158.761   58.761        1 
      14  159.212   59.212       11 
      15  317.968  117.968       15 
      16 2338.499 1169.250       16 
      17 2338.841 1169.420       21 
      18 3169.786 1169.786       19 
      19 3169.791 1169.791        7 
      20 3169.793 1169.793       20 
      21 3169.796 1169.796        6 

Min. utilization: 0.288 
       1    2.075    0.075        2 
       2    3.075    1.075       14 
       3    3.149    1.149       12 
       4    3.223    1.223        6 
       5   31.490   11.490        9 
       6    9.148    4.574        4 
       7   33.778   13.778        3 
       8   33.888   13.888       10 
       9   34.420   14.420        8 
      10  149.814   69.814        1 
      11   69.456   29.456        7 
      12   69.542   29.542       11 
      13  337.718  137.718        5 
      14  337.913  137.913       13 

Min. utilization: 0.172 
       1    2.189    0.189        1 
       2    3.189    1.189       12 
       3  246.977  123.489        4 
       4  324.872  124.872       10 
       5   18.457    8.457        7 
       6   18.683    8.683       14 
       7  333.783  133.783        9 
       8   36.854   16.854        3 
       9   70.906   30.906        6 
      10   71.172   31.172       13 
      11  338.931  138.931        8 
      12  339.146  139.146       11 
      13  339.361  139.361        2 
      14  339.396  139.396        5 

Min. utilization: 0.385 
       1    4.049    0.049        5 
       2    6.049    2.049       12 
       3    6.098    2.098       16 
       4   30.439   10.439       14 
       5 2125.636 1062.818        3 
       6   31.267   11.267       28 
       7   31.374   11.374        7 
       8 3084.592 1084.592       10 
       9   63.298   23.298       13 
      10   63.504   23.504        9 
      11   63.536   23.536        1 
      12   63.636   23.636       20 
      13   63.742   23.742       21 
      14   63.873   23.873       26 
      15   64.771   24.771        4 
      16   64.891   24.891       19 
      17   65.069   25.069       23 
      18  315.011  115.011       11 
      19  315.372  115.372       18 
      20  315.613  115.613       27 
      21  315.790  115.790       22 
      22  315.892  115.892        6 
      23  316.253  116.253       25 
      24 3146.701 1146.701        2 
      25 3146.707 1146.707       17 
      26 3146.713 1146.713       24 
      27 3146.719 1146.719       15 
      28 3146.723 1146.723        8 

Min. utilization: 0.414 
       1    2.097    0.097       14 
       2    3.097    1.097       18 
       3    3.195    1.195        4 
       4    3.246    1.246        6 
       5    6.528    2.528        9 
       6   53.425   23.425       15 
       7   31.935   11.935        7 
       8   63.781   23.781       12 
       9   63.945   23.945       17 
      10   64.811   24.811        2 
      11   65.144   25.144        8 
      12   65.385   25.385        3 
      13  162.874   62.874       16 
      14 2470.421 1235.211       11 
      15 3235.253 1235.253        1 
      16 3235.258 1235.258        5 
      17 3235.262 1235.262       13 
      18 3235.267 1235.267       10 

