number of chains : 1
Length of ce : 21
chain  id  id  id  id  id  id
    1  35  36
    2  25  37   1  36  24   0
    3  32  34  33
    4  32  34  33
    5   5   3  19  27  21  22
    6   0   1
    7  11  12   5
    8  34   0  33   1
    9  25  31   8   5  29  11
   10   7   3
   11  32  34  33
   12  44  38  43  36
   13  15  21
   14  24  22  25
   15  11  34  15  17  33  32   7
   16   1  37  40  36   0  43
   17  18  11   1  17   0
   18  27  22  30  31
   19  33  32  34
   20  33  34  32
   21  37  39
