    1  84  88  90
    2  13  20
    3  67  81  66  71
    4  32  57  40
    5  88  89
    6   0   1
    7  13   7   9
    8  23   3   5
    9  22   6  14
   10  64  70  66  78
   11  60  61  82  62  83
   12  89  80  76  66  87  74  90  70
   13  39   3   5  45  85  21  15  90  31  84  46
   14   9  60  12  17  62  10   2
   15  83  59  61  82  60  63
   16  38  34
   17  84   1   0  88
   18  58  26  57
   19  65  77  73  72  68
   20  44  27  28  48  46
   21  80  71  79
   22   1   0
   23  67  77  68
   24   7  21   8  16
   25  68  78
   26  40  41  57  48
   27  84  88
   28  72  65  75  71
   29  78  75
   30  15  13  21
   31  89  85  86
   32  43  35  55  41
   33  64  69  49  67  50
   34  23  22
   35  84  89
   36  14  18
   37  83  82
   38  34  77  32  48  70
   39  74  42  81  49  57  33  72  30
   40  62  85  83  84  82  61  59  89
    1  11  10   6   7   5
    2  12  19
    3  20  24  21
    4  10   8   6   5  11
    5  12  19  17
    6  12  19
    7  23   2  20  21   1  24   0
    8   2   0
    9  13  11   6  18   7
   10  17  19  18
   11   0   2
   12  13  17  12  16
   13  11   9   5   0   2   7   1   6
   14  22  23  21
    1  47  48  54
    2   8   7
    3  53  52  55  50  49  56
    4  24  43  25  54  50  48  52  47
    5   3  18   9  17
    6   3  19
    7  50  48  54
    8   7   5   3
    9  59  57  58
   10  47  19  48  50  12  53  51
   11  48  50  53  47
   12  46  29  41
   13  57  58  55  56  60
   14  49  48  53  47
   15  53  50
    1   9   7
    2  25  26
    3   7   6  10
    4   8  12
    5  27  34  37
    6  31  28
    7  35  29  36
    8   3   4
    9  40  39
   10  26  25
   11  12   7  11
   12  36  23  32  24  17  18  31  35
   13  37  38  32  33  27
    1  51  50  49
    2  42  37
    3  34  49  32  15  35   8   5  51  33
    4  32  33  35
    5   0   2  22   1  24  31   3
    6  44  36  37
    7  10   9
    8  18  28  29
    9  13  52  54   9  41   5  38
   10  51  49  17  52  54  50  15  12  53
   11  53  32  54  34  33
   12  51  50
   13   0   2   1
   14   1  16  12   0   5   2   9
   15  37  27  32  35  22  43  20  41  48  36
   16  33  34  32
   17  35  33   3   2   1  28  34  23   0
   18   0   1   2
   19   2   0  47   1  44   3
   20   2   0   3
   21  31  30  27
   22  39  42  44
   23  19  20
   24  37  41  36  44
   25  53  54
    1  15  14  17
    2  47  49
    3  30  39  36
    4  52  49   2   0  53
    5   9   7  10  19
    6   1   0
    7  50  52  49  48
    8  71  73  72
    9   0   1   2
   10  53  49
   11  59  65  60
   12  64  63  62  56
   13  71  72
   14   1   0   2
   15  26  29  23
   16  27  42
   17   2   1   0
   18  51  48  52  49
   19   7  12   9
    1  72  71
    2  31  39  38
    3  50  51  54
    4   7  20  17
    5  58  67
    6  14  21
    7  74  73
    8  30  49  24  52
    9  43  40  44  39  47
   10   3   2   1
   11   3   1   2
   12  17  10
   13  62  68  61
   14  26  43
   15  63  56  61  69
   16  39  37  24  40  43
   17  12   9  13  15   8
   18  71  70
   19  41  33  35  47
    1   2   1
    2  23   7  16
    3  13  23  18
    4  44  25  40
    5  32  36  27  24  26
    6  47  35
    7  34  46  48  50
    8  70  75  64  67
    9  60  63  67  58
   10  39  24  40  45  37
   11   1   2  51  53
   12  15  22
   13  76  74  64  68
   14  49  34  47
   15  47  35  46
   16  70  54  61
   17  24  33  26  46  35
   18  53  52
   19  54  62  58  80
   20  51  53
   21  53  52
   22  17   6  15  14
   23  44  45
   24  73  55  56  70
   25   1   2
    1   7   8   3
    2  30  29
    3  16  19
    4   6   9  15
    5  12   6  15
    6  28  17  23  21
    7  19  17  18
    8   0   1   2
    9   2   0
   10  24  23
   11   1   0   2
   12  26  23  25  28  27
   13  13   8   3
    1  26   4  31  33  11  16
    2  42  47  54
    3  25  32  24  31
    4  57  59  60  58
    5  53  56  49
    6  37  39  29  35
    7  43  44
    8  36  31  33
    9  34  39  27  38
   10  13  17  18   8
   11  17  11  19  20
   12  24  26
   13   9  14  18  10
   14  57  60
   15   9  23  50  42  47
   16  46  44  41  48
   17  14   1   3   2  16  60   0  20  57  62
   18  58  11  14  57  59   6  19
   19  16  23
   20   0   2  45  50
   21  33  38  35
   22  27  32
   23  12  21
   24  25  24  36
   25  29  28  37  32
   26  30  27  36  58  61  57
   27  46  51
   28  62  61  59  57
   29  43  51  52  49  56
   30  49  44  42
   31  13  54  16  46  17   3   0   6   1   2
   32  57  58
   33  31  25  26
   34   3  23  18  11   2  52   1  55  49  42
   35  38  39
   36  57  58  59
   37  12  43  51  40  26  38  39  18  45
   38  43  48  50  60  57  49  41
   39  31  24  32  26
   40   0   3   1
   41  34  28   2  33   1  31   3  32
   42  15  23  11
   43  34  30
   44  25  33  38  29  39
   45   0   1   3
   46  11  13
   47  28  56  53  52  32
   48  43  46  49  23  31  53  32  30  41  39  40  10  18   6
   49   4  13  19
   50  40  25  31  34
   51  39  26  32
    1  65  68
    2  36  29
    3  64  66  67
    4  26  22  35  15
    5  66   7  15  26  10  65  64  37
    6   2   3
    7  16  27  29  30
    8  12  13
    9  67  66  64  68
   10  64  68  66  67  65
   11  64  60  49  46  52  66  51
   12  23  30
   13  47  56  48
   14   0   1
   15  68  65  66  64
   16  29  21  26  25  24
   17  66  64  65  68  67
   18  50  53  47
   19  65  66  64
   20  65  68
   21   2   3
   22  65  66  64  68
   23  65  68  66
   24   4  12  59  47   8  60  55
   25  12  11  13
   26  57  51  50
   27  12   9
   28  51  47  58  54
   29  66  68   0  65  26  30   1  39
   30   9  11   8
   31  43  15  21
   32  66  64  65
    1  13  10   7
    2   7  11  10  23
    3  74  76
    4  70  69
    5  64  59  71
    6  74  75  77  76  79
    7  53  34  12  11   8
    8  65  69  61
    9  11  15  17  22  26
   10  61  23  60  58  72  73   7  59  65  18   4
   11  73  72
   12  68  65  70
   13  77  74  79  75  76
    1  75  76  77
    2  65  55  58
    3   1   2   0
    4   5   4   3
    5   4   3   5
    6  72  71
    7  49  48
    8   0   2   1
    9  48  44  42
   10  61  68  64  57
   11   8  10
   12  71  72
   13  74  75
   14  42  41  32  73  72
   15  68  60  66  58
   16  75  74  77  76
   17   3   5   4
   18  26  17  14
   19  67  70  64  24  10
   20  11  23
   21   2   1   0
   22  76  58  61  67  59  75
    1  75  76
    2  58  66  59
    3  25  36  46  20
    4  28  40  70   1  36  59   0
    5   6   5
    6  77  74  75  76
    7  74  76
    8  77  76  75
    9   9  15  17  12  13
   10   9  13  12
   11  28  43  22
   12  10  16   9
   13  74  77  75   2   4   3
   14  51  53
   15  72  74  66  76
   16  19   8
   17   6   5
   18   8  18   9
   19  76  77  75
   20  55  65  63  62  67
   21   0   1
   22   2   4   3
   23  77  76
   24   9  14   0  17   1
   25  64  58
   26   5   6
   27  23  42  24
   28  45  20  38  42  46
   29   1   0
    1  65  63
    2  65  64  63  38  62  41
    3  15  11   5   6
    4  49  59
    5  55  50  48  33  30
    6  64  61  63  62
    7  62   1  65  63   0
    8   0   1   2
    9  27  30  65   7  10  18  61  35  26
   10  44  43
   11  39  37  30  41
   12  21   5  20  12  18
   13  15  22   9  12
   14   2   0   1
   15  42  43  44
   16   5  11
   17  15  10  22  20
   18  65  63  64
   19  65  61  63  64
   20  43  42  44
   21  50   7  47  15
   22  42  43  44
   23  52  55  45
   24   2   1   0
   25   8  12  21  23
   26  59   1   7   2  57  48   6   0
   27  29  31  26
    1  35  32
    2  48  53  30  52   2  41  37   1  28
    3   9  16
    4  16  24   2  26  39  41  32   1
    5  48  52  49  44
    6  33  37
    7  46  49
    8  45  58
    9  38  30  34  40
   10  55  45  47  60  52
   11  33  35  29  42  43
   12  11  20
   13  29  30  37
   14   1  46   2  51
   15  39  29  37
   16  46  57  51  54  52
   17  39  35
   18  30  33  39
   19  57  44  36  31   1  51   2
   20  55  45
   21  13   7  11  27   9
    1  37  34  35
    2  21  18
    3  26  25  24  22
    4  16  15   8
    5   1   0
    6  30  36  35  33  34
    7  36  30  31  34  29
    8  30  34  36  29  35
    9  32  33  30
   10  11  10   5
   11  27  20  22
   12  27  19   2  12  17  18   5  25
   13  31  35  34
   14  34  35  37
   15  36  35  29  30  37
   16  15  19   3  26  25   8
   17  14   3   8
   18  37  33
   19  18  23  22  19
   20  37  33
   21  15  14  13   3
    1   3   4
    2   2   4   3
    3  71  77  64
    4  72  67  80
    5  86  88  87
    6  23   8
    7  28  13
    8  32   8  42  46  66  73  72  11  59  43
    9  85  88
   10  21  28  19  13  27
   11   0   1
   12  86  85
   13   5   6
   14  10  28  26  87  88  85  86  15
   15   5   6
   16  73  83  77  80
   17  88  87  86  85
   18  10  15   8
   19  78  74  77
   20   2   4
    1   3  22  28   4  20
    2   2   4   3   1   0
    3  17   5  25  18  23  27   6
    4  42  32  33  30  41
    5   9  14  13  15
    6  33  20  34  17  22  31  32  30  25
    7   4   3
    8  32  33  34
    9  28  18
   10  30  34   0   1   2  31  32
   11  38  39  36
   12   0   2
   13  19  24  23  20
   14  42  41   1   0
   15  36  35
   16  19  20
   17   6   5   0   1   2
   18  12  10  14
   19  40  38  15   8  13  11  10  39
   20  36  40
   21  28  21  17
   22  32  34   7   6   5
   23   7   5
   24  34  31  30  32
   25   0   1   2
   26  30  36   5   7  34   6  32  35  37
   27  30  34  31  33  32  35  39  40
   28   7   5   6
   29  42  30  41  32
   30  29  24  32  26  34
   31   0   2   1
   32  42  28  41  21  19
   33  32  30  34
   34  41  42
    1  37  41  38
    2   1   2   0
    3  15   7  10
    4   3   1   0   2
    5   3   2
    6   0   2
    7   6  11   7
    8  41  39  37
    9   1  13  34   7  36   2   8   3   0
   10  34  36
   11  24  31  25
   12   6  20  16  10
   13  34  36  35
   14  35  36
   15  36  34  35
   16   8  14  11  10
   17  34  36  35
   18  16  36  35  11
   19   7  13  14
   20   2   0   3  18   1  16  11
   21  36  34  35
   22  33  28
   23  37  39
   24  40  39  37  41
   25   1   2  19   5  18
   26  26  25  23
   27   0   1
    1   6   9
    2  46  47
    3   1   0
    4  74  71  72  75
    5   0   1
    6   4  12
    7  49  59  66  68
    8   1   0
    9  41  35  74  73  29  75  72  71
   10  45  47
   11  13  18
   12  72  74  75
   13  39  72  40  74
   14  73  74  72  63  58  64  75  69  51
   15  58  69
   16  60  59
   17  73  75  71  72
   18  47  48  68  57  46  65
   19  53  57  54
   20  46  45  47
   21  38  32  33
   22   9  14  15  22
   23   7  57  64  12   6  50  23  55
   24  20  22  17  10   9
   25  47  45
   26  58  55  51
   27  58  35  50  28  42  24
   28  74  73  72
    1  44  53
    2  31   7  17  20  58  56  15  57  35
    3  34  27
    4  50  43  42  45  41
    5   3   4
    6   0   1
    7  40  39
    8  26  28  32
    9  42  53
   10  23  21  28
   11  56  57  58
   12  17   5
   13  58  56  34  38  30
   14  37  25  36
   15  50  53  41
   16   2  58   4   3  56  57
   17  28  22  25
   18  38  50  26  46   0   1  45  21  29  54
   19  12  42  14  16  19  50
   20  13  52  15  42  47  10  45
   21   4   2
   22  29  24   9   8  10
   23   3   2   4
   24   5  14  10
   25   6  46  54  14  19
   26  56  58  57
   27  48  41
   28   3  30  22   4   2
   29   3   4
    1   4   3   5
    2  44  46
    3   4  40   3   5  26  39  32
    4  21  12  14   6
    5  47  46
    6   1   2
    7  58  56  60
    8  55  48  41
    9   2   1
   10  51  47
   11   2   4   1   5
   12  16   3  12   5   4
   13   1  49  30  46  55  47   2  45  39
   14   9  10   6
   15  13  21  15
   16  52  47  51
   17  24  37  29
   18   1   2
   19  59  58  56
   20  15  20
   21  59  57  56
   22  29  30  32
   23  34  28   4   3  47  53  48   5  46
   24  34  23  36  39
   25  54  47  55
   26  14  15  12   6
   27  15  13   7
   28  15   9  16  21
   29  29  35  24
    1  50  53
    2  14  10  15   9
    3  44  49
    4   1   0
    5  17   7
    6  56  57
    7   5  14
    8  35  22  21  29
    9  45  44
   10   9   6
    1   9   4  11
    2   3   2
    3  35  33  36
    4  20  32
    5  32  22  25  26  20
    6  14  12  17
    7  41  40
    8  31  29  23   3  32  21   2
    9   3   2
   10   6   8  24  13  26
   11  21  30  24
   12  16  14  10   7
   13  25  21  28
   14   5  17   4
   15  42  40  43
   16  25  24
   17  35  33
   18  13  14  10
   19  30  26
   20  42  40  39  44
   21  42  40  44  43
   22  26  27  36  35  25
   23  33  36  34
   24  28  27
   25  13   8
   26  22  20  30  32  28
   27  37  35
   28  35  12  34  36  37   7   8
   29  30  20  24
    1  16  53  55  11  54
    2  53  54  52  55
    3  23  31  28
    4  28  21  32
    5  40  44  47  51
    6  23  43  40  34  42  47
    7  26  34  30  33  13   6  19
    8  33  28
    9  24  21  54  52  34  25  31
   10  26  33  44  25  22  38  41
   11  34  32  24
   12  46  48  51  50
   13  16  17
   14   3   2
   15  50  49  45
   16  29  25
   17  30  32  22
   18  42  48  41
   19  13   4
   20  21  30  31  34
   21   1   3
   22  24  29  30
   23  42  47  37
   24  53  54  55
   25   2   3
   26  20   9  10  12
   27  55  52  53
   28  26  23  24  54  55
   29  54  53  52  55
    1   2   0
    2   2   0
    3  21  39  25  37  26
    4  23  32  43  31
    5  55  58  57
    6   5  16
    7  13  57  56  19  54   9  50  52
    8  56  58  48  50
    9  46  45
   10  50  54  53  48
   11  60  59
   12  46  21  45  41  44
   13  55  56  49
   14   0   1   2
   15  14  17   5
   16  16  15   8
   17   0   2   1
   18  11  19  12
   19  52   2   0   1  58
   20   1   2
    1  55  53  54   0   1
    2  40  45  42  46  31
    3   7  18   6
    4  55  53  54
    5  76  73
    6  56  71  64
    7  38  47  46
    8  25  24
    9  53  54
   10   2   0
   11   2   1
   12  81  75
   13  33  38  26  80  81  74  27  36  75  78
   14  14   5  18
   15  13   4  18
   16  58  61  69  55  67  53  54
   17  78  77  76
   18  65  48  23  38  14  20   6  57  72
   19  58  70  64
   20  53  45  62  66  27  32  43  54  67  63  55
   21  14   5  15
   22  69   0   2  68   1
   23  30  38  50  36  66  43  72  67
   24  65  68  59
   25  66  58
    1  21  11   9  19
    2  45  43  46  47
    3   2   5   3
    4   5   2   3
    5  33  13   7  37
    6  37  33  25
    7  50  44  47  48
    8  39  40  42
    9  29  50  48  26  37
   10   5   3   4   2
   11  42  39  40
   12  39  42
   13  50  44  49  52  46
   14  43  49  52  50
   15   1   0  49  51
   16   5   3   2
   17  40  39
   18   6  10  18
   19   3   4   5
   20  44  48  43  45  51
   21   2   4   3
   22  22   9  13  21
   23  17   6
   24  46  45  48
   25  41  39
   26  48  46  44  52  50
   27  39  41
   28  24  52  25  48  44  31
    1  56  55
    2  31  29   0   1  57  59  60  33  35
    3  60  58  57
    4  51  46  43  54  52
    5  43  42  54
    6  11   9  15  14  16
    7  29  24
    8  14  11  10  18
    9  47  51
   10  30  31  32  34  37
   11  27  38  30  31  21
   12  58  57  60
   13  59  60  58
   14  25  34  29
   15  55   0   1  56
   16  38  19  39  40
   17  43  42  44
   18  54  41
    1  18   5  17  19
    2  32  29  27  26  23
    3  36  41  40  39
    4  12  17   9   8  15
    5  33  34
    6  24  28  23  25
    7  22  30  25
    8   7  17   5
    9   0   1
   10  45   1  46   0
   11  45   1   0  46
   12  33  34
   13   8   6  18  16  20
   14  30  26  24
   15   0   1
   16   9   4   7
   17  36  38  37  43  40
    1  48  53  43  40
    2  57  54  55  56
    3   6  11  12   8
    4  29  27  36  19
    5  54  55  57
    6  24  32  23
    7  42  50  43
    8   4  16  13  12
    9   8   9  35  16  12  21  23
   10  11   8  16
   11  26  33  29  34  22
   12  55  57
    1  60  57  58
    2  35  40  42
    3  69  68
    4  33  20  19  37  11  38   4  30  24
    5  23  26  24  32
    6  57  60  58  55  59
    7  12  11  13
    8   9  10
    9  40  28  24  45
   10  21   4  13   5  17
   11  14   4   9
   12   2   1
   13  70  71
   14  34  31
   15  70  69
   16  44  34  32  39
   17  21  13  12
   18  55  60  49   2   1  58
    1  56  67  62  58
    2  20  44  56  50  46  18  52  19  45
    3  50   9   3  64  67   8
    4  35  42
    5  55  64  57
    6  27  23  33
    7  61  53  54
    8  33  40  24
    9  31   1  40   0  36
   10  15  22  11   4
   11  23  24  61  30  34  62  31
   12  38  68   4  69  15  29  40
   13  11  22  17  14  48  47  45  44   5
   14  47  44
   15  56  58
   16  44  47  48
   17  48  19  44  45  20   7  10
   18  13  12   5
   19  37  25
   20   6   7  16
   21  31  33  23  25
   22  37  32  23   0   1
   23   0   1
    1   1   0
    2   6   1   8  15   0
    3  18   4
    4  39  47  44
    5  28  46  24  21  27  42  41  44  32
    6   8  14  15
    7  46  38  37  22  43  28   1  35   0  29
    8  28  10   7  46  21  23  24  11  27  18  41  38  16
    9  24  30  11  29  25  10
   10  40  36  41
   11  15   6
   12   1   0
   13  37  39  47  40  36
   14   8   6
   15  28  29
   16  13  15   5
   17  24  32
   18  32   1  22  23   0
   19  43  46
   20  22  29
   21  26  23  30  45  46
   22  45  47
   23  34  44  35
    1   3  20  28  15
    2  68  62  60
    3  78  80
    4  84  83
    5  43  57
    6  68  75  82
    7   0   1
    8  83  84
    9  65  62  79  82
   10  84  83
   11  46  47
   12  71  62  64  78
   13  13  12  23
   14  34  56
   15  78  79  67  63
   16  18   3  13  16
   17  47  50  54  48
   18   1   0
   19  53  57
   20   3   5  24  18
   21  68  65  81  19   6  61
   22  81  52  60  63  58  39
   23  36  58  84  51  57  61  49  83  33  71
   24  68  79  78  61  82
   25  36  48  46  31
   26  75  71  66
   27  72  62  63  81
   28  18   4  20
   29   0  16   5   1  25
    1  34  41  29  21  39   0  22   2
    2  24  22  21
    3   0   2   4   6
    4  25  24
    5   2   0
    6  15  26  43   5  44  10  25  45
    7  38  31  37
    8   0   1   2
    9  26  17
   10  14   4  16  12
   11  19  24
   12  42  43  45
   13   5  16   4   9
   14  18  23  19  27  25
   15   1   0   2
   16   2   0
   17  35  41  40
   18  41  37
   19   2   1   0
   20  26  19  22  17
   21  36  38
   22   1   2
   23  40  38  36   6  43  44  39  42  14   9
   24  16   7  12
   25  45  44
   26  21  20  27  31  34  36  17  29
   27   5   6   8  12
   28   0   2   1
   29   2   0
   30  27  23   7  13  10
   31  15   6   7  12  11
    1  13   8
    2  24  21
    3   0   2
    4  14   6
    5  50  44  48
    6   0   3   2
    7  30  13   7  14  33  18
    8  55  52  53  54
    9  54  52  53
   10   1   0   2
   11  53   7  13   9  52
   12  31  26  36
   13  52  54  55
   14  54  55  52  53
   15  22  24  27  52  18  45  55  49  46  48  53
   16  10  14  15
   17  49  43  41
   18  54  53  52
   19   5  11
   20  21  18  20
   21  26  36
   22  30  33  18
   23   3   2   0
   24  11  13   6
   25  52  55
   26  15  14
   27  18  24  30
   28  55  54  24  28
   29   0   2   3
   30  16  12
   31  17  19
    1  14   9  15  22
    2  54  53   0   2   8  19   1  10
    3  45  38  37
    4  23  26
    5  54   3   4  53
    6  49  44  48  52
    7  15  12
    8  17  20  10   7
    9  24  30  35  32
   10  29  33
   11  27  26  32
   12   2   0   1
   13   1   0   2
   14  39  47  38
   15  33  29  28
   16   2   1
   17   0   2  54  53
   18  12  30  14  25  41  27  24  45  31  16
   19  42  46  45
   20   9  22  13
   21  49  48  38  37
   22  54  53
   23  26  33
    1  10  39  40  38  37   6   3
    2  25  26
    3  41  48  46
    4  52  37  39  41
    5  44  53  52
    6  40  38
    7  52  47  45
    8  40  38  37  39
    9  38  39
   10  38  37  40
   11  23  31  33  30
   12  13  10
   13  53  51
   14  11  17   6
   15  33  20  34  26  29
   16  47  46  43  42
   17  20  33  19   3  29
   18  37  38
   19  39  40
    1  17  18  24   8
    2  28  38
    3   5   6
    4   2  11   0  16  17
    5   3   4
    6  71  70
    7   2   1
    8   3   4
    9   6   5
   10  22  16
   11  24  19  22  12
   12   3   4  70  71  69
   13   0   1   2
   14   6   5
   15  61  58  64
   16  64  62
   17  38  25
   18  20  22
   19  64  66
   20   5   6
   21  69  70  71
   22  24  10  18
   23  29   5   6  40
   24   1   0   2
   25  15  24   7  23  11
    1   4  15  16
    2  20  10  15   3
    3  39  22  33  28  32
    4  46  51  47
    5  20  62   6   2  63  17
    6  30  42  41  24
    7  62  63
    8  15  17  13
    9  24  38  31
   10  17   5   2
   11  44  43
   12  34  41
   13  44  43
   14  46  52
   15  35  24
   16  24  28  22
   17  49  57  60
   18  63  62
    1  65  62  53  52  31
    2  61  77  60  75
    3  55  61  53  51  59  54
    4   6  25
    5  63  64  61  59
    6  66  61  62  65
    7   4  73  72  77   5
    8  26  18
    9  23  14  16
   10  58  61  60
   11  10  14  29  22  16
   12  59  67  60  68
   13  34  49
   14  76  75  70  73  71  69
   15  64  66  65  60  61
    1   2   1
    2  12  15  11
    3  35  44  19  26  23  43
    4  25  30  26  22
    5  16  30  20
    6   6   9   2   1   5
    7  20  25
    8  42  35  39  45
    9  34  42  43
   10  31  22
   11   6   9  10
   12  31  20  25  26
   13   2   1
   14  21  31  23  25
   15  45  40  44  37  38
   16  40  38
   17  34  15  13  41
   18   8   5  10
    1  50  55  74  69  53  52
    2  23  13  14
    3  46  37  31
    4  52  51
    5  15  16
    6  22  17  13
    7  38  48
    8   2   0
    9  44  24
   10   0   2
   11  17  22   9
   12   8  11
   13   0   1   2
   14  52   0  51   2  53   1
   15   1   2   0
   16   3   4
   17  15  14
   18  24  40  27
   19  34  21  28   7  35  16
   20  77  78  76
   21  29  39   9  10  44  21
   22  51  52  50
   23  74  54  59
   24   0  50   4   3   1  53   2
   25  53  52  60  74  69  50  51
   26  78  76
   27  41  42
    1  73  68
    2  86  88  87
    3  60  62  61
    4  44  51  50
    5  65  64  59  62
    6  88  85
    7  88  85  87  86
    8  63  59  60  62  61
    9  85  86
   10  71  72  77
   11  14  18  19
   12  61  62  60
   13  88  87  85  86
   14  60  61
   15  79  78  69
   16  60  62  63  59
   17  80  73  71
   18  87  86  85  88
   19  45  58
   20  76   0   1  64
   21  75  72  67
   22  82  75  76
   23  74  83  78  75
   24  77  69
    1   0   1
    2   8   4   3  10   2
    3  66  60
    4  51  48  52
    5  73  50  74  52  49
    6  75  73  74
    7  39  24
    8  54  56
    9  58  66  68  61
   10   0   1
   11  51  57  12  48  65  60  16
   12  14  15   9
   13  74  73  75
   14  18  44  36  24
   15  51  50  48  49  52
   16  70  65
   17  14  15  10
   18  24  47  34
   19   1   0
   20  49  52
   21   9  11  12  13
   22  54  60  66
   23   2   3
   24   3   2
   25  52  49  48  51
   26   2   3
    1  25  28  33
    2   7  39  38   8  32  30  23
    3  50  44  48
    4  40  45   7  44  41   5  46  12  47  42
    5   5   4
    6  40  41
    7  36  35
    8  44  46  47
    9  40  41
   10   6  15  10
   11  23  33  17  29   3   9
   12  33  24  26
   13  37  24
   14  24  29
   15  48  50  33  35  26  51
   16  40  41  42
    1  33  31  26  21
    2  20  41  43  15  16  17  12  40  38
    3   2   4   5
    4  45  41  47
    5   2   3  37   6  44  40  45  39
    6   7  27  11  33
    7   4   6   5
    8   4   3
    9  20  13  15  18
   10   7  10  11  20  17
   11   3   2   4
   12   5   0   1   2   3
   13  38  47
   14  44  40  38
   15  22  24  33  31  23
   16  48  49
    1  53  57  49
    2  43  19  22  13  28  30  15  21  25
    3  67  56  53  60  61
    4   2   4   3
    5  58  54
    6   9  11   6   8   7
    7  56  61
    8   2  24   1  15   0  22
    9  63   3  64   1  56   2
   10   6   3  11  20  10   1   4  12
   11   8  11
   12   1   3   4
   13  34  33  70   8  71  31   6  28  10   9  69
   14  44  15  37  11  20  32  22  14  25   6  29   7
   15  69  12  15  16  70  71
   16  19  12  16
   17   7  50  11  57  33  10  25   6
   18  70  71
   19   9   8  10
   20  27  26
   21  64  62  63  61  49
   22  43  21  23  13  30  31  34
   23  70  71
   24  70  69  71
   25   0  25  64  37  51   4   1  63
   26   9   8  31   0  37   3   1
   27  70  71
   28  11  10   8   9
   29   6  11   8
   30   9  36  29  11  35  13  20  32  21
   31  18  14
    1  48  39  45
    2  63  55  60
    3  20  13   4
    4   3   2
    5  70  69
    6  62  64
    7  52  51  53
    8  69  68  70
    9  20  16  23
   10  52  54  53  51  49  47
   11  50  47
   12  68  69
   13  51  54  53  52
   14  39  46
   15  53  51  52
   16  51  52
   17  61  55  56
   18  63  60
   19  34  42
   20  19  16  27
   21  51  54  52
   22  68  70  69
   23  46  49
   24  62  66  60
   25  38  44  30  39
   26  42  37  30
   27  64  66  59
   28  49  31  48
    1  26  19  24
    2  35  32  36
    3  32  36
    4  34  32  35  36
    5  14  15   7  10
    6  40  39
    7  21  39  40  20  26
    8  43  41
    9  36  37
   10  13  14  12
   11  13  17
   12   9  17  41  13  42  44   6
   13  37  33  34
   14  16  34   2  32  11  14   7   3
   15   1   0
   16  43  42  44  41
   17  33  38  36  35
   18  40  39
   19  37  13  10  29   9  30  17  21  28  34  35  38
   20   3   2
   21  21  43  29  41
   22  22  36  19  41  28  32  38  42  24  37  44
   23  43  41  39  33  35  40  42
    1   3   2   1   0
    2  10   6
    3  23  16  11  20
    4  40  36
    5  49  56  55
    6  57  59  52
    7  52  50  56  51
    8  18  15  23  10
    9  22  13  10
   10  31  41
   11  46  28  54  47  29  48  27
   12  32  33
   13  31  28  35  49  38  47  27  51
   14  16  13
   15  39  44  38
   16  15   9  22
   17   9   1   0   6
   18  14   8  20
   19   4   5
   20  15  21   4
   21  12   7
   22  12  24  16
   23  28  29  44
    1  31  32  29
    2  11  18
    3  14  50  20  48   4
    4  60  50  49
    5  57  56
    6  65  64
    7  50  51  55  58
    8  64  63
    9  62  63  65
   10  53  58
   11  66  65  62
   12  56   1   2  49  50
   13  38  36
   14  32  33  43  38  37
   15   6  18  11
   16  17  16  23  24
    1   0   1
    2  23  14
    3   1   0   3   2
    4  54  22  59  24  57  55
    5  12  14  26
    6  59  55
    7  31  51   6   5  52
    8  85  86  87
    9  55  59  57  58
   10  65  74  66
   11  86  85
   12  18  23
   13  17  21  18
   14  52  35  43  53
   15   2   0
   16  55  56  58  57  54
    1   0   1  32  28  30
    2  25   4  16  14  12
    3  61  60  59
    4  18  19  61  12  21  59
    5  45  52  57  49
    6  35  37  32  27
    7  60  61
    8  61  59  60
    9  31  27  30  28
   10  38  28  30
   11   9   1  12   7   0
   12  39  41
   13  48  57
   14  41  39
   15  60  61  59
   16  50  42  49  44  56
   17  59  61  60
   18  31  37  34
   19  18  20  22   6  38  35
   20  43  52  47
   21   1   0
   22  61  60
   23   0   1
   24   7  21  17
    1  52  50  53
    2  80  74  75
    3  69  70  63
    4  22  33
    5  80  76  77  74
    6  38  23  34  49  48
    7  50  53  51
    8  12  13  11
    9  57  55  60
   10  76  78  75  80
   11  16   3   7   6
   12  78  74  80
   13  22  40  42
   14  19   4
   15  12  50  53   5   4  18
   16  53  52  50  51
   17  72  65  71
   18  79  75  80  76  77
   19  63  65  56  67
   20  77  76  79  78
   21  39  41
   22  18  19   4  17
   23  80  78  77  74
   24  79  80  74
   25  23  40
   26  79  76
    1   1   2
    2  50  48  49
    3  18   8  16
    4  36  35
    5  39  42
    6  41  37
    7  10   5   9  15
    8  51  49
    9   2   1
   10   3  13
   11  49  48
   12  20  32
   13   7  16  40  35  36   8  37  45   6
   14  48  51
   15  24  29  30  22  34
   16  48  49
   17  32  20  27
   18  26  23  14  46  37  45  29  19  17  30
   19  12   9
   20  40  42
   21   1   2
   22  11  10  12
   23  48  37  43  49  40
    1   4   5
    2   3  58  62  47  45   5
    3  66  64   0   1  65
    4  39  25
    5  37  71  29  70  69
    6  32  35
    7  69  72
    8  45  46  47
    9  65  66  64
   10  71  68  69  72
   11  72  67  70
   12  62  50  56  49
   13   0   1
   14  29  32  25  33
   15  66  65  64
   16  48  54  56  63  52
   17  19  14  21  24  22
   18  44  50  55  62  28
   19  12   9  15
   20  66  25  65  29   2   5   4
   21   0   1
   22  61  54   4   3   2   5
   23   7  13
   24  68  72
   25   4   3   5
   26   4  65  42  64   3   2  35  66
    1  36  38  35  37
    2  26  36  32  23  37  35  33  38
    3  31  26  30  48  47  25
    4  40  44  42
    5  47  48
    6  48  47
    7  13  15
    8  10  36  15   7  35
    9  40  46
   10  36  35  37
   11  20  22  27
   12  41  44  39  45
   13  29  20  10   7  12
   14   0   1
   15  45  46  42
   16  40  46  44
   17  39  36  44  35  37  38
   18  41  44  42  39
   19  48  47
   20  35  33  31  38  37  27  36
   21  43  31  44  46  30  29  20
   22  41  42   2   3  45  39   8
   23  12   4   5  11
   24   7  12
   25  26  27  25
   26  44  43  13  18  42   7
   27  47  16  46  48   6  15  43
   28   0   1
   29   0   1
   30   4   6  17   3  18
   31  45  41  37  38  36  40  46  35
    1  54   2   0  52  51   1
    2  42  43  51  41  45  54  53
    3  35  30  28
    4  25  33
    5   2   0
    6  46  49  43
    7   2  34  22   1   0  18  24   9  10
    8  41  44
    9  13  19  10  14
   10  45  43
   11   2   1
   12  44  40
   13   8  21   0   2   1
   14  33  27  32
   15   3   4
   16  52  54  51  53
   17  49  41
   18  54   8  51  18  53
   19  24  27
   20   2   0   1
   21  18  19   9   6
   22  44  42  41
   23  15  20
   24  53  51
   25  43  47
   26   1   2   0
   27   1   2
   28  46  41
   29  53  51  52
    1   5  10  39  21  22  38  26  37   7
    2   2   0   1
    3  22  19  17  24  20
    4  19  20  18
    5  17  27  34  30  25  26  31
    6   2   1
    7  12  13  11
    8   4  16  14
    9  33  28
   10  21  24  25  17
   11  20  22  26  17
   12  37  24  39  38  25
   13  29  33  32
   14  12   4  14
   15  23  26  19  17
   16  23  25  26  24  20
   17  33  34
   18  17  20  21
   19  10   8
   20   4  10  12  37  39  14
   21   1   0
   22  12  16  14
   23  38  39
   24  35  32  30  31  28
   25   0   2
   26   6   8  11  13
   27  16  14   6
   28   5   8  15
   29  25  26  17
   30   1   2
   31   1   2
   32  17  24
    1  47  50  49  61
    2  62  55
    3  67  66  65
    4  27  23  26  24
    5  18  10
    6  64  66  67
    7  29  26  33  36
    8   9   8  19  15
    9   3   4
   10  41  38  33
   11  65  64  66
   12  46  53  56  54
   13  67  66  64  65
   14  51   7   9  61  16  13
   15   2  36  29  26  34   1
   16   6  10
   17  53  60
   18  12   9  20  15
   19  55  49  59
   20  67  65  66
   21  67  66  64
   22   6   5   7  14
   23  18  19  17   8  15
   24  64  65  67
   25  65  66  67
   26  18  19  13
   27  64  66  67  65
   28  67  65  64
    1  21  26  15
    2  13   6
    3  25  30
    4  42  51  39
    5  16  25
    6  25  18  17  28  16
    7  21  22
    8   2   3
    9  10  16   9  22  19  46  38  32  14  18
   10  12   4
   11  11  49  51   8  16  38  32
   12   2   3
   13  13  46  50  48  12
   14   7   6  14   4   8
   15   5  10   6
   16   4  11  12  10
   17   6   9
   18  36  50  35  43
   19  24  21  26  19  18
   20  17  19  23
   21  41  45  39  38
   22  32  31  43  26  50
   23  45  38  22  37  30  19  27
   24  44  51  35
   25  13  11
   26  20  50  30  36  43  21
   27   2   3
   28  32  29  23
    1   4   5   6
    2  73  72
    3   3   2
    4  59  55  14  61  20  13  63
    5  48  40
    6   5   6   4
    7  24  43
    8  77  76  75
    9  50  51
   10  15  11
   11  30  24  42
   12   4   5   6
   13  12  17  15
   14  72  49  43  73
   15  74  75
   16  31   5  45   4  23
   17  75  74  76
   18  73  72   4   6
   19   1   0   2   3
   20  76  77
   21   1  74  77  76   0   3
   22  71  67  59  74  77
   23  66  68  71
   24   4   5
   25  55  52  61
   26  76  75  74
   27  57  62  55
   28  72  73
   29  50   2  51   0
   30  47  32  49  42
    1   5   4
    2  38  35  36  37
    3   1  40  39   2  33  32
    4  38  36  35
    5  19  22  30  24
    6  10   7
    7  32  33  36  37
    8   2   1
    9  20  28
   10  36  17  16  33  34  28  35  31
   11   3   7  11   2   1
   12  13   7   1   8   6   0  10
   13   2   0   1   3
   14  41  39  40
   15   1   0
   16  37  36  34   0  32   1   3
   17  14   9
   18  32  38
   19   6  10
   20  41  17  39  20  24
   21  40  39  41
   22  19  21  31
   23  39  40  41
   24   2   0   3
   25  30  13   9  18  25  12
   26  39  41
   27  33  35  38  34
   28  32  37
   29  24  27  31  23
   30   4   1   5   0
   31   2   1   0
   32  34  38  35
   33  32   1  37   2  33
    1   3   0
    2  21  27  28
    3  15  11  13   5
    4  38  44
    5   9   8   5  12  10
    6   3   2   8   1  13  11  34  39  36  15
    7  42  37
    8  33  32
    9  28  20  22
   10   3   2   1
   11   7  13  15  14
   12   3   2   0   1
   13   7  15  13
   14   0   2   3   1
   15  15   9  12
   16  33  38  39  32  41
   17   8   9
   18  36  38  35
   19  20  27
   20   9  32  33  14  37  41   6
   21  41  44  40
   22  43  37  36
   23   1  21  40  17  36   0  20  38  24   3
   24  28  21  19
   25   1  20  19   2   3  28   0  21  27
   26  14  10   7   6
   27  29  24  21
   28  13  12  14   7  11
   29  37  41
   30   1   2   0
   31   8  11   6
   32  24  22  16  21  28
   33  20  29  28  10   8  11
   34  21   9  31  17  15   6
   35   6  15  10   5
   36  32  33   3   0
   37   3   0   2   1
   38  33  12  28  23   7  32
   39  19  23
   40  23  29  30
   41   5  32  33   7  11  10
    1  17  10  16
    2  25  31  32
    3  21  25  30
    4  17   3   8
    5  42  43
    6  29  20  25
    7  27  25  32  23  39
    8  40  41
    9  42  52  50
   10   1   0
   11  48  47
   12  35  39  22  27  30
   13  44  51  52
   14   8   4   6  15  13
   15  40   3  41  12   9
   16   0  32   1  36   2  22
   17  52  47  50
   18  45   1  44  38  42  26  48  28   2   0  36  43
   19  27  23  35  28  19
   20  11  17  18  14   7
   21   4  51  36  29  15   3   5  11  20  43  45
   22  35  21  19  22
   23   2   1   0
   24  33  25  34
   25  12  11   3
   26  35  32  29
    1   0   2   1
    2  83  73
    3  89  88  87
    4  87  86  89
    5  87  89  88
    6  58  49  47
    7  29  51  57
    8  86  72  88  83  77   3   4
    9   5  67   6  68
   10  87  88  86
   11   6   5
   12  24  23  86  21   6   5  89
   13  89  87
   14  36  39
   15  86  87  88  89
   16   3   4
   17  88  86  89
   18  77  17  18  16  83  13
   19  66   3  67  68   4
   20  12  20  25  24
   21  69  72  76  79  82
   22  72   6  76   5
   23  24  12  10  11
   24  66  68  67
   25   3   4
   26  10   8
   27   5   6
   28  16  13  24  15
   29  67  68
   30   0   2
   31  86  89  88  87
   32  67  68  66
   33  78  74  80
   34  88  89  87
   35  31  40
   36  67  88  68  89  87  66
   37   8  11  20
   38  59  46  33  34
   39  82  78  83
    1   5   7
    2   2   3   1   4   0
    3  47  48  44  38  46  41
    4  36  29  32  31
    5  21  19
    6  49  43  47  45  50
    7  15  10  14
    8   7   5
    9  35  37
   10  22  10  11  23
   11  33  28  35  41  30
   12  46  44  47  45
   13  25  17  21  16
   14   6   5
   15  16  26  17  18
   16   6   5
   17  32  27  35  40
   18   0  40   4   2  37   1
    1  16   6
    2   4   3
    3   1   2   0
    4   4  45   3  51
    5  41  42
    6   2   1   0
    7  31  39  28
    8  12   3   4  10   9  24   6
    9  54  53
   10  26  37  29
   11   1   2
   12   2   1   0
   13   6  22  28  13  10  30  33  20
   14  21  10  15
   15  50  46  47
   16  30  33
    1  16  23  14
    2  82  81  73  79  78
    3  72  71  84  67
    4  63  64
    5  26  24  20
    6  87  88  86  89
    7  30  82   6  84  69  67  23
    8  53  44
    9  55   4  51  46   2   3
   10   2   3   4
   11   2   3   4
   12  12  23  28
   13   4   2
   14  28   8   5
   15  40  62  45
   16  87  89  86  90
   17  21   6
   18  45  33  37  30  27
   19   3   2   4
   20  53  48  36  52  44
   21  86  63  64  87
   22   2   3   4
   23   3   4   1   0  80  78  84
   24  90  87  88
   25   1   0
   26  36  52  58  42
   27  21  20  16
   28  90  87  86  88  89
   29   3   2   4
   30  89  88
   31  90  10  86  89  17  32  88  87
   32  62  54  38
   33  45  59  83  49  66  77
    1  32  39  38
    2  22  15  16
    3  53  60  52
    4  42  47  31  46
    5  41  46
    6  62  63  68
    7  60  51  52  54  61
    8  63  68  65
    9  57  59  53  49  50
   10  56  61  49  50  53
   11  65  63  64  68
   12   7   6
   13  61  64  51  34  65  47  57  50  66  36
   14   4   3   8
   15  42  44
   16  25   9  20
   17  49  50  52
   18   0   1
   19  38  44  47
   20   6   7   4   3
    1  17  14   7
    2   3  24  18  26  17
    3  42  39  40
    4  37  39  44  40  41
    5  42  40
    6  32  28  26  31
    7  34  45  33  18  42  26  41  43  29  15  44
    8  44  39
    9  15  11  12
   10  28  34  32  29  23
   11  35  36
   12  37  39  41
   13   9   8  14
   14  44  37  42  41
   15  25  29  32
    1  37  31  43
    2  81  82
    3  63  26  23  61   5
    4  63  87  85  86  64
    5  67  81  69
    6  62  63  64
    7  70  74
    8  49  39
    9   3   2
   10  66  89  88  79  77
   11  65  69
   12  10  60  52   9  29
   13  81  82  78  71
   14  19  85  89  15  25   6  27
   15  87  28  32  86  51
   16  87  85  88
   17  77  65  71
   18  67  74  64  61  62  63  73
   19  80  83  63  64  67
   20  29  48  40
    1   7   8
    2  47  48
    3   1   2
    4  44  45  53  54  52  48
    5  33  37  24  36
    6  50  49
    7  47  44  45
    8  47  38  46  48  24  45  44
    9  47  44  48  46
   10  32  28  35
   11  22  15
   12  54  52  51  53
   13  12  43  49  50  42   4
   14   9  20
   15  44  48  45  46  47
   16  19  15  20  10
   17  33  24  28  27
   18  52  53  51
   19  15  53  12   5  18  52  54
   20  45  47  46
   21  51  52   7  20   5  54
    1  16   4   5  10  12
    2  29  32
    3  15  11   6  30  10   8   2   1  32  29   0
    4   6  11  12  13   5
    5  35  36
    6  27  21  25  23
    7  17  20  21
    8  35  37
    9   2   1
   10  36  37  35
   11  31  30  29
   12  37  35  36
   13   9  15
   14  23  20  19  24
   15  25  18  19  21
    1  32  33
    2  42  43  38  41  37
    3  19  18  23  27  25
    4  44  41  38
    5  34  43  44
    6   3  11   6
    7  43  36  39
    8   6   8   3
    9  23  20  22
   10   0  36  34   1
   11  39  42  37  41
   12  11   3   9
   13  23  22  21
   14  39  45  36  35  34
   15  11   3  13  14  15
   16  33  32
   17  33  32
   18  35  44  40  45  39
   19  24  23
   20  34  37  39
   21   3   8  24  26
   22  23  19  28  18  26
   23  33  31  22  32
   24  37  40
   25   9  37   3  41  38  43  17
   26  32  33
   27  35  32  42  33  36
   28  32  33
   29   0   1
   30  23  29
    1  11  14
    2  50  36  47  38
    3  42  41  40
    4  35  36
    5   0   1
    6  43  53
    7  40  41
    8  25  30
    9   9  12  40  42   6  41  20  15
   10   5  18
    1   1   0
    2   5  19   4  20  24  17
    3  16   7  15   9  11
    4   0   1
    5  29  27  36
    6  35   3  26  28  25   2
    7  21  20
    8  12  10  16  13   6
    9  33  29  35
   10   0   1
   11  28  35  33
   12  23  19
   13  23  20  19  18
   14  28  35  34  36  31
   15   2   3
   16  18  21  22  23  20
   17   9   8  15
   18   5  14   9  15   4
   19  10  14  22  21  24
   20  15  14
   21   8  14  13  15
   22  17  24
   23  13  14
    1  22  12
    2  13  14
    3   7   6   5   4
    4  14  21  19  13
    5   7   4  11   5
    6  20  15  22  19
    7   1   2
    8  22  23  26  25  24  12
    9  17  16  15  20
   10  13  17  12  18
   11  19  12  18  16
   12   6  10
   13  13  20
   14  18  15  16
   15  20  13  22
   16   1   2
    1  31  30  25  32
    2  30  23  31  29
    3  31  29  25
    4  32  31
    5   7  14  15  12
    6   3   2
    7   2   3
    8  36  48
    9   3   2
   10  44  42
   11   4   5
   12  37  45   4  42   5
    1  29  47   2  44   1  50  36  28
    2  17  43  46  10  32  35  45  31
    3  45  41  48  42
    4   3   4
    5  51  42  45  47
    6  19   9  20   8
    7  36  31  33  25
    8  31  26
    9  38  39
   10  49  46
    1   9  15   3
    2  61  62
    3   0  58   2  38   1
    4  64  72
    5   2   0
    6  33  40  38  53
    7  77  78  26  79  16  27   4
    8   1   2
    9   2   1   0
   10   0   1
   11  30  53
   12  56  60  45  58
   13  14   9
   14   2   0
   15  74  63  70  73
   16  77  78  80
   17  64  53   9  71  19  31  26  65  57  70
   18  63  68  45  46  48
   19   2   0
   20  66  71  75  63
   21   0   2
   22  40  36  56
   23  79  80  78
   24   4  14  15
   25   2   1   0
   26   1  28  59   2
   27  52  49  46
   28  67  74  64  71  68
   29   1   2  75  72  66  64
   30  64  70
   31  79  77
   32  69  68  72  73
   33  26   5  13  23  22
   34  65  64  75
   35  67  69  63
   36  22  11   3
    1  23  16  21  20  24
    2   5  13  10   7
    3  18  23  21
    4  40  41
    5  39  30
    6  15  11   9   5
    7  44  43
    8   0   1
    9  41  36  40  27
   10   1  25  26   0
   11  39  35  28
   12  23  22  17
   13   0   1
   14  42  43  30  44  31
   15   0   1
   16  19  22
   17  21  23
   18  18  17  19
   19  13   6   4   8  15
   20  32  36  35
   21   0   1
    1  19   7  28
    2  66  67
    3  67  66
    4  50  62  59
    5  68  69
    6  56  52  63
    7  68  72  69  71
    8  55  54  65  62
    9  56  62  52  55
   10  31  43  39  32
   11  13  23  24
   12  22  42  39   4  23  40
   13  68  69  71
   14  65  59  54  57
   15  46  45
   16  71  72
   17  44  32  37
   18   8   4  27
   19  52  61  63
   20   7  14  46   5  45
    1  57  55  54
    2  57  54  55
    3  49  24  53  44  35
    4  47  44
    5  54  57
    6  37  53  52  44  46  27  24  39  45
    7  39  29  31
    8  22  26  31  25  36
    9  51  47  53  50
   10  21  10   4  31   5  15  33  24
   11  35  24  42
   12  57  56  55
   13  55  56  54
   14  54  53  46  50  56  57
   15  47  48  45
    1  53  52
    2  41  51  44
    3  40  46
    4   6   7
    5   2  52  53   1   4
    6  55  54
    7  37  36
    8  43  42  45
    9  45  49  50
   10  41  43  44
   11  50  54  29  55  33  41  48  28
   12  53  52
   13  10  13
   14  20   0   3  15   1   4
   15  10   8  12
   16   7   6
   17  49  40  46  50  44
   18   3   0   2
   19   7   4   3   2   6
   20  55  54
   21   4   7   1   0   6  20  13
   22  38  27  32
    1  51  44
    2  14   4   9  16
    3   5   8  18
    4  53  52  55
    5  50  47
    6  43  41  42
    7  42  45  46  41
    8  40  43  42  24  34  41
    9   0   1
   10  22  26  40
   11  54  53  55
   12  50  51  49
   13   6  15  13
   14  18  29   9  16  26  40
   15   1   0
   16  24  27  28
   17  46  44  50
   18  40  34  22  29
   19  54  53  55
   20  39  22
   21   3  56  54  53   2  52
   22  52  53  56
   23   7   8
   24   1   0
   25  18  16
   26  52  13  53  56  29   9   5  34  10  39   8
    1  76  73  74
    2  52  53
    3  76  73  74
    4  73  75  74
    5  13  74  27  26  20  76
    6  75  69  56  76  74  70
    7  51  50  34
    8  15  13  21  16   6
    9   9  19  27  11   7
   10   9  12
   11  17  22  25  26  23
   12  42  45  47
   13   7   5
   14   5  14   7
   15  64  61  62
   16  76  54  56  74  29  48  50  75  60
   17   4   3
   18   2  17  55  19  59  71   1  60  69
   19  54  63  61  55
   20  52  53
   21  52  53
   22  12   5
   23  48  33
   24  72  71  60  66  68
   25   9  26  14
   26   3   4
   27  40  31  29
   28  42  10  41  43   6  46
    1  43  47  45
    2   1   0
    3  41  39  40
    4  12   7  10  15
    5  22  18  32
    6   0  41  40   1  39
    7  23  16
    8  28  32  39  40  21
    9  41  39  40
   10  40  41  39
   11  23  18  20  29  36  15   9
   12  58  60
   13  42  53  54  43  51
   14  11   3  10   4  13
   15  41  40  39
   16  50  44
   17  11  12  59  46  60  42   4   6  58  47
   18  20  40  26  39  33  37  25
    1   3  15   1
    2  48  45  40  47
    3  14  37  39   5  12  24  38  22   3
    4  49  46  19  14   7
    5  49  40
    6  32  40  44  35  49  24  41  42
    7  49  46  48
    8   6  14   7  12  10
    9  19  16   8  17   3
   10  24  28
   11  49  42  40
   12  36  31  30  32
   13  13   9   5  15
   14   4  11  19  13
   15  11   1
   16  42  47
   17  13  15  36   9  18  25
   18  44  49  48  45  46
   19  19   8   7
   20   2  11   3
   21  38  37   6  19  18
   22  19  34   4  14  15  16  33  27
   23  47  42
   24  15  12   4
   25  37  39
   26  20  32  38  28  39
    1   1   0
    2  46  50  52
    3  27  39  20  37
    4  28  37   8  18  13  35
    5  46  54  52  11  55  44  12
    6  28  38  31  25  21
    7   4   5
    8  15   8  13
    9  36  32  20
   10   7  10  17  14
   11  48  41  45  43
   12  27  31  34
   13   5   4
   14  39  20
   15  33  20
   16  43   0   1  45  51
   17  17  13  10
   18  50  48  52  41
    1  57  45  51  50
    2  42  41
    3   3   2
    4  29  28  27
    5  63  15  61  59  13  64  17
    6  54  57  48
    7  22  24  21  16  13
    8  53  54  47
    9  65  63  60
   10  21  23  14
   11  18  16   6
   12  34  32  36  39
   13   2   4
    1  50  42  44
    2  73  61  57
    3  57  80  59
    4  54  44
    5  92  89
    6  30   7   8  21
    7  33  39  48
    8  44  35  42  40
    9   0   1
   10   3   4   5
   11  92  89  87
   12  89  91  86
   13  54  40  37
   14  47  45  39
   15  36  46  42
   16  13   7
   17  63  67
   18  52  38
   19  92  88
   20   4   3   5
   21   6  19  26
   22  90  87
   23  33  40  38  37
    1  39  38
    2  18  37
    3   1   0
    4  18  34
    5  32  31  28
    6  59  62
    7  58  62
    8  18  25  28  24
    9   3   2
   10  29  22   2  19  37  27   3
   11  38  39
   12   2   3
   13  31  30  32
   14   9  13  10
   15  40  47  53  43  44
   16  44  59  60  62  58  40  50
   17   2   3
   18  34  58  12  60  62  25   7  61
   19  58  60  61  62
   20  62  58
   21  44  58  46  53  60
    1  35  32  43  44  42
    2   0   1   2
    3  14   9
    4   3   4
    5  57  59  48  50
    6   2   1
    7  32  41
    8  29  31  26
    9  13   9  20   2  25   1
   10  28  21  31
   11  40  33
   12   0   2
   13  50  57  52  58
   14   1   2   0
    1   0   1
    2  28  27
    3  10  14
    4  12  13   1   9  28  30  29   0
    5  30  29
    6  19  25
    7   5   4
    8  27  26  28  29
    9  26  27  11  10  15  29  30   9  13
   10  27  30  15   7   9   3   2
   11  27  29  26  28
   12   0   1
   13  23  20
   14   5   4
    1  22  35  30
    2  67  66  65  64
    3  38  66  65   7  67  10  37
    4  23  35
    5   2   1
    6  57  61  43  53
    7  11  16
    8  66  67  65
    9  28  35  22
   10  67  18  13  12  17  64  66
   11  62  57  42  39  53
   12   1   2
   13  22  24  29
   14  14  18  10  12   7
   15  65  64  67
   16   1   2
   17  67  65  64  66
   18  54  46  62  39
   19  27  24
   20  28  23
   21  31  28  23
   22  55  54  47  42
   23  29  28  34
   24  64  67  66  65
   25  58  55
   26  32  36  23
   27  49  61  44  42
   28  13  10
    1  78  79  77
    2  30  44
    3  49  43  50  36
    4   0   1   3
    5  77  78  79
    6   1   3
    7   6  17
    8  33  44  40
    9   5   4
   10  78  79
   11  76  75  78  79  77
   12  27  32
   13  77  78  79
   14   1   3   2   0
   15   6  29  33  46  19  10  42
   16  51  52
   17  50  31  30
   18   0   2   3   1
