    1  73  67  65  57  64  55  72
    2  58  57  67
    3  53  54
    4  38  43  33  44  37
    5  16   5  17   8
    6  53  65  58  54  66
    7  73  72  71
    8  30  22   6  26
    9   2   3
   10  73  72
   11  64  59  68
   12   3   2
   13  39  33
   14  52  49
   15  71  72
   16   5  18  30
   17   8  10
   18   1  17   5   0
   19  10  17   8  25
   20  72  71
   21  67  60  58  62
   22   9  20
   23  28  19  20  24  13
   24  31  44  45  41  46
   25  18  23  16  13
    1  28  29  32
    2  22  21
    3  32  34  31  28  29
    4  14  15   8   9
    5   3   8   4   7
    6   7   4
    7  26  27
    8  27  30  26  29
    9  15  13
   10   8  10
   11  22  16  17
   12  32  28  31  29
   13  13   6   7  11
   14   9  15  10
   15   4   7   5  11
    1  23  26  31  34
    2  39  40  42
    3  47  49  50  48
    4   2  49   1  50
    5  41  43  38  44
    6   2  15   1  14  19
    7   7   8  17  22  11
    8  39   3   4  43  42
    9  50  48  49
   10  28  34  24
   11  17  49  16   8  50
   12  31  26
   13  47  48  50
   14   1  48   2  50
   15   4   3
   16  44  43  38  40
   17  48  49
    1  63  53  55
    2  69  71
    3  18  22  11  57  63  64
    4  56  65
    5  29  35  28
    6  10  13  21   7
    7  70  71
    8  36  27  32
    9  40  69  71  41  36  70
   10  36   1   0   3  34   2
   11  67  68  66
   12  66  68  67
   13  20  48   2   0   3  57   7
   14   6   4   5
   15  19   4  21   5   6   8
   16  31  35  43  33
   17  35  24
   18   4   6   5
   19  64  60  52
   20  12   9
   21  19  21   8
   22   3   1   4   5   6   0
   23   0   2   1
   24  34  41  32  27
   25  54  58  55
   26  27  40  33  30
   27  61  48  47  55
   28   9   2   1   0  14   7
   29  25  35  65  37  71  46  69  53
   30  13  18
   31  68  66  67
   32  46  47
   33  19   9  21
   34  46  59  47  53  56
   35  67  68
   36  70  71  69
    1   1   0
    2  15   9  11
    3  44  43   7   6  12
    4  40  30  24
    5  43  18  14  11  42  44
    6   2   4   3
    7  12  17   5
    8  43  44  42
    9   7  11  17
   10  60  55  61
   11   2   3  13  18  15
   12  17   5
   13   2   4
   14   0   1
   15  12  15  14  10
   16  50  53  61
   17  61  47
   18  42  37  43  44  41
   19  17  11  14
   20  34  33  27
   21   2   3   4  43  42
   22   3   2   4
   23  57  60  49
   24  63  62  64  42  44
   25  59  53  48  55
   26  64  62
   27   5  13  16
   28  40  34  35
   29   6  10   8  12
   30   3   2   4
   31  20  37   9   0  18  25   1   5  34
   32  60  56  57
   33  43  42   3   2  44   4
    1   9  18  17
    2  57  55  56  58
    3  56  55
    4  55   2  56  57   3  58
    5  36  30  34
    6   3   2
    7  57  56
    8  29  27  30
    9  56  57  55
   10  55  56  57
   11  41  40  44  43
   12  55  57  58
   13  57  55  56
   14  58  55  51  54  56  49  57   1   0
   15   2   3
   16  48  43  42
   17  57  58
   18   3   2  42  36  30  27  46
   19   0   1
   20  58   3  57   2  55  56
   21   3   2
    1  57  58  56
    2  32  39
    3  28  22  21  20  26
    4  26  25  23
    5  49  36  45  43
    6  58  17  11  57  12  15  55  18
    7   0   1
    8   9   3  14   4  17
    9  19  32  49  30  51  46
   10  19  26  29  21
   11  56  55  57  58
   12   1   0
   13  23  27  20
   14  56  55  58
   15  53  34  33
   16  58  55
    1  22   8  10
    2   3  36  42  38   2   4
    3  36  37  29  32  34  40  26  41
    4  48  51  41  39  45  49
    5   0   1
    6   0   1
    7  49  51  48
    8  50  51  48
    9   1   0
   10  51  48  49
   11  42  40  39  43
   12  49  51  48  50
   13  18   7  14  13
   14  25  27  34  30
   15  49  50  51
   16   9  17  21  22  15
   17   8  11
   18   4   3
   19  43  37  36  46
   20  46  44  41  45
   21  28  31  33
   22  49  38  22  15  48  50   6  45  36
   23  19  42  16  41  17   9  40  21
   24  51  48  49  50
   25  13  15  16
   26   2  49  50   4   3  48
   27   6  13  19
   28  44  41  43
   29  49  50
   30  43  46
   31   6   9  21  15
   32  35  33
    1  45  43
    2  59   1  58  57  60   0
    3  55  49  53
    4  54  46
    5  22  23   7   8
    6  34  41  35  28
    7   5   4
    8  51  50  46
    9   4   3
   10  14  44  21  45
   11   3   5  24  20   4
   12  48  53
   13  46  52  53
   14  28  40
   15  60  59  57
   16  11   9  26  21  22
   17  28  40  42  37
   18  42  14  32  29  25  24  37  13
   19  58  59
   20   4  24  44  17   5  20  45  43
   21   4   5   3
   22  11   0   9  13   1
   23   4   5   3
   24  58  57
    1  15  17
    2  27  38  35  31
    3  34  27
    4   1   0   5   4
    5  41  42  39
    6  39  40  42
    7  16  11  24  19  18
    8  34   4   5  39  38  41  36  29
    9   4   5
   10   1   0   3   2
   11  24  43   8  42  17  21
   12   3   1   0
   13  43  42  32  29   7  39   6  31
   14  40  39  42  43  41
   15   6   7
   16  42  43
   17   6   7
   18  39  40  43
   19  14  19  20  21   3   9   1
   20  51  49  47
   21   4   5
   22  50  45  44  48
   23  50  49  40  42
   24   0   3
   25  45  46  53
   26  43  40  42
   27   0   1  39   2  40
   28  47  48  50
   29  51  49  44
   30  34  29  39  43  40  33  26  41
   31  45  47  46  44
   32  21  24  20  31  26  29  10  17
   33  42  40
   34  50  51
   35   4   5
