    1  2000.000
    2   200.776
    3    51.622
    4    60.000
    5    29.150
    6   300.958
    7  2999.999
    8    29.421
    9     2.081
   10  2000.000
   11   200.677
   12     4.000
   13    39.739
   14    39.901
   15  1000.003
   16    13.345
   17    10.562
   18    20.000
   19    21.574
   20  2000.000
   21   299.826
   22    11.497
   23    28.510
   24    40.915
   25    29.654
    1   100.578
    2    40.000
    3   299.938
    4    19.726
    5    22.766
    6    18.798
    7    50.433
    8   200.368
    9    19.851
   10    11.079
   11    39.905
   12   299.938
   13    19.894
   14    20.687
   15    23.800
    1    21.310
    2   100.097
    3  2000.003
    4  2001.601
    5   200.145
    6    23.570
    7    20.649
    8   300.097
    9  2000.000
   10    39.758
   11  2003.127
   12    39.443
   13  1000.005
   14  2001.622
   15    10.000
   16   299.863
   17  1000.003
    1   199.330
    2  1000.005
    3   115.062
    4   100.889
    5    40.000
    6    19.874
    7  1000.003
    8    39.681
    9  2001.441
   10    40.489
   11   400.000
   12   400.021
   13   208.695
   14    10.000
   15    28.803
   16    40.433
   17    39.086
   18    10.021
   19   299.208
   20    19.644
   21    18.803
   22     6.926
   23     2.094
   24    59.306
   25   200.103
   26    60.399
   27   299.525
   28    29.981
   29  2203.273
   30    10.544
   31   400.000
   32   100.011
   33    20.598
   34   200.324
   35   200.021
   36  2000.000
    1     2.000
    2    19.353
    3   118.633
    4    58.252
    5   100.027
    6     4.097
    7    19.099
    8   100.000
    9    12.355
   10   200.060
   11    21.751
   12    17.525
   13     2.106
   14     1.108
   15    29.764
   16   100.695
   17   199.315
   18   120.000
   19    19.073
   20    59.239
   21   101.259
   22     4.096
   23   199.730
   24  2046.500
   25   299.610
   26  1999.999
   27    12.566
   28    39.534
   29    21.194
   30     4.096
   31    61.811
   32   199.972
   33   153.352
    1    22.041
    2  2000.002
    3  2000.000
    4  3000.005
    5    39.991
    6     4.000
    7  2000.000
    8    40.108
    9  2000.000
   10  1000.004
   11   300.262
   12  1000.005
   13  2000.000
   14  4001.670
   15     2.178
   16   299.815
   17  1000.002
   18   203.435
   19     1.068
   20  2999.999
   21     4.000
    1  2000.000
    2   100.842
    3    79.980
    4    59.954
    5   299.784
    6  3007.570
    7     1.205
    8    32.141
    9   301.978
   10    40.082
   11  2000.005
   12     2.000
   13    39.749
   14  2000.005
   15   298.625
   16  1999.996
    1    18.270
    2   202.047
    3   300.172
    4  2000.003
    5     1.072
    6     1.072
    7  2000.000
    8  1999.999
    9     2.000
   10  1999.999
   11   300.175
   12  2000.002
   13    28.626
   14    40.911
   15  1000.004
   16    21.187
   17    10.559
   18     4.000
   19   300.431
   20   300.000
   21    20.425
   22  2199.354
   23   310.172
   24  2000.000
   25    10.776
   26  2001.788
   27    12.991
   28   200.000
   29  1000.002
   30   100.431
   31    22.165
   32    39.912
    1    99.887
    2  3000.121
    3   199.956
    4   199.640
    5    17.360
    6    59.674
    7    10.000
    8   299.874
    9    10.000
   10   103.795
   11    25.086
   12   100.323
   13   100.454
   14    20.981
   15  2999.997
   16    32.489
   17    40.915
   18    86.820
   19  1000.003
   20   154.802
   21    10.000
   22    21.122
   23    10.000
   24  2000.000
    1    10.446
    2    60.645
    3    39.523
    4     5.073
    5    99.971
    6    51.299
    7    40.278
    8   159.800
    9     2.099
   10     3.046
   11   109.707
   12     2.954
   13   170.181
   14   151.149
   15     5.218
   16    51.676
   17     5.218
   18    51.862
   19    18.840
   20   299.939
   21     2.099
   22   299.955
   23   248.465
   24     1.064
   25   100.207
   26   100.000
   27   100.737
   28   100.063
   29   299.864
   30   180.393
   31   300.000
   32    59.483
   33    99.854
   34   100.040
   35     2.099
