    1  1000.010
    2    10.788
    3   200.136
    4    40.268
    5  1000.003
    6     5.032
    7    19.966
    8    16.588
    9    18.601
   10   200.321
   11   400.565
   12  3099.801
   13  3040.757
   14   118.938
   15   447.285
   16    39.936
   17  2000.007
   18    40.000
   19   400.113
   20    60.613
   21   200.000
   22    10.000
   23   200.044
   24    22.058
   25   100.178
   26    40.865
   27  1000.007
   28   300.000
   29   199.963
   30    21.399
   31  1999.997
   32    59.985
   33   219.336
   34    20.000
   35  1000.009
   36    10.672
   37   400.000
   38   202.156
   39   317.539
   40  3000.545
    1    39.205
    2    20.852
    3   200.002
    4    40.057
    5    40.788
    6    20.852
    7   300.566
    8     1.857
    9    49.152
   10    40.022
   11     1.281
   12    40.656
   13    49.263
   14   200.000
    1   100.523
    2    20.000
    3   500.198
    4   422.010
    5    23.103
    6    13.537
    7   200.352
    8    29.652
    9  2000.000
   10   400.333
   11   200.000
   12    39.787
   13  2000.005
   14   299.993
   15   199.948
    1    19.964
    2    50.798
    3    20.681
    4    11.883
    5   100.726
    6   199.859
    7   200.041
    8     5.124
    9  2000.000
   10   100.000
   11    20.000
   12   300.000
   13   299.569
    1   599.999
    2   199.324
    3   448.822
    4    51.346
    5    42.261
    6   199.155
    7    20.000
    8    21.131
    9  1202.618
   10  2400.009
   11  2098.691
   12   400.000
   13     2.114
   14    39.221
   15   400.000
   16   100.000
   17   170.495
   18     1.171
   19   202.148
   20     2.148
   21    59.373
   22   100.442
   23    20.229
   24   200.884
   25  1000.003
    1    20.067
    2    52.321
    3    40.417
    4   152.690
    5    21.277
    6     2.000
    7   152.062
    8  2000.002
    9     1.182
   10    99.186
   11   200.224
   12   398.995
   13  1000.002
   14     2.162
   15    39.821
   16    21.632
   17     2.882
   18   151.727
   19    20.205
    1   400.000
    2    40.619
    3    52.634
    4    22.762
    5   100.549
    6    10.775
    7  2000.000
    8   109.730
    9    60.280
   10     5.981
   11     4.000
   12    18.136
   13   200.000
   14    21.762
   15   200.497
   16    60.623
   17    28.975
   18   400.000
   19    40.345
    1     4.000
    2    18.700
    3    21.898
    4    39.815
    5    59.812
    6    39.341
    7    20.869
    8   199.890
    9   199.985
   10    59.945
   11    53.301
   12    12.235
   13   299.341
   14    39.953
   15    40.000
   16   199.679
   17    60.560
   18   100.000
   19   201.446
   20    51.384
   21   100.000
   22    29.066
   23    20.192
   24   199.968
   25     2.077
    1    19.487
    2  2000.000
    3    20.415
    4    13.587
    5    21.502
    6   219.690
    7    40.000
    8     1.072
    9     1.974
   10   200.000
   11     2.041
   12   300.042
   13    26.981
    1    48.121
    2   100.626
    3    41.004
    4  2000.003
    5   199.815
    6    39.907
    7   100.116
    8    39.976
    9    40.211
   10    19.636
   11    21.032
   12    20.390
   13    20.231
   14  1000.006
   15   204.654
   16   300.158
   17  2014.404
   18  2006.924
   19    11.609
   20   101.571
   21    40.027
   22    21.018
   23    11.799
   24    41.393
   25    60.406
   26  2021.325
   27   100.262
   28  3999.994
   29   200.568
   30   299.687
   31   220.989
   32  1000.003
   33    39.258
   34   423.001
   35    20.061
   36  1000.005
   37   204.199
   38  2199.938
   39    59.258
   40     4.118
   41    99.997
   42    19.570
   43    39.722
   44    41.488
   45     2.302
   46    10.297
   47   320.923
   48   335.310
   49    12.427
   50    39.796
   51    39.785
    1  1000.005
    2    39.336
    3  1000.005
    4    58.805
    5  3017.978
    6     2.031
    7    21.513
    8    10.632
    9  3000.003
   10  3000.002
   11  2099.026
   12    21.002
   13   200.199
   14     1.141
   15  2999.996
   16    79.709
   17  3000.003
   18   199.970
   19  2000.000
   20  1000.005
   21     2.031
   22  2000.005
   23  2000.002
   24   406.191
   25    20.632
   26   299.810
   27    19.217
   28   300.104
   29  2018.039
   30    20.000
   31    37.305
   32  2000.000
    1    29.542
    2    22.945
    3  1000.005
    4   200.000
    5   200.613
    6  2000.008
    7    65.008
    8   199.740
    9    12.838
   10   514.168
   11   400.000
   12   200.145
   13  3000.000
    1  1000.005
    2   199.897
    3     2.000
    4     5.999
    5     4.073
    6   400.000
    7    40.000
    8     2.113
    9    59.576
   10   299.966
   11    10.337
   12   200.025
   13  1000.002
   14   441.950
   15   299.798
   16  3000.003
   17     4.033
   18    28.122
   19   215.066
   20    11.298
   21     2.930
   22  2000.000
    1  1000.003
    2   200.058
    3    39.843
    4   203.421
    5    10.000
    6  2000.000
    7  1000.004
    8  2999.998
    9    21.190
   10    21.017
   11    39.752
   12    20.000
   13  2003.206
   14    52.707
   15  2000.037
   16    18.040
   17    10.000
   18    20.144
   19  2000.000
   20   300.446
   21     1.028
   22     4.059
   23  2000.000
   24    22.267
   25   199.863
   26     5.366
   27    40.108
   28    40.265
   29     2.000
    1  1999.999
    2  4018.783
    3    27.392
    4   100.650
    5   338.554
    6  2999.998
    7  3000.833
    8     1.061
    9  2040.000
   10   100.000
   11    60.149
   12    29.953
   13    19.395
   14     2.000
   15    51.053
   16    11.890
   17    30.211
   18  2000.000
   19  2000.000
   20   100.184
   21   207.577
   22    51.053
   23   199.404
   24     2.992
   25    12.732
   26   304.873
   27    39.923
    1    39.923
    2   257.815
    3    10.889
    4    53.828
    5   299.526
    6    20.555
    7   100.526
    8   100.869
    9    40.328
   10   299.838
   11    41.003
   12    11.984
   13    21.222
   14   201.428
   15    39.992
   16   300.585
   17    39.638
   18    21.279
   19   303.535
   20   199.253
   21    29.848
    1   199.590
    2    39.845
    3    79.854
    4    28.371
    5     2.000
    6   300.575
    7   299.417
    8   200.583
    9   199.822
   10    29.259
   11    39.517
   12    79.663
   13   200.374
   14   100.601
   15   300.452
   16    68.374
   17    18.391
   18   199.440
   19    60.031
   20   199.440
   21    37.293
    1     2.067
    2     4.044
    3   199.777
    4   200.399
    5  2000.004
    6    18.517
    7    18.230
    8   341.073
    9  1000.030
   10    31.298
   11     1.024
   12  2000.000
   13     5.128
   14  2020.412
   15     5.128
   16   200.392
   17  3999.996
   18    19.842
   19   200.000
   20     2.108
    1    41.573
    2     5.986
    3    61.611
    4  2000.000
    5    21.876
    6   219.552
    7     4.000
    8    51.227
    9    39.223
   10   100.027
   11   199.980
   12     1.078
   13    60.080
   14  2001.569
   15   200.000
   16    20.080
   17    10.948
   18    21.540
   19   300.000
   20   100.133
   21    59.218
   22    61.558
   23     9.967
   24   150.710
   25     1.078
   26   201.017
   27   201.091
   28    10.000
   29  2048.108
   30   129.602
   31     2.054
   32  2038.104
   33   100.401
   34  1000.003
    1   200.170
    2     2.000
    3    19.833
    4     3.000
    5     2.000
    6     1.174
    7    20.377
    8   299.804
    9   111.000
   10    51.781
   11    40.186
   12    31.216
   13   100.078
   14    51.756
   15   100.000
   16    30.839
   17   100.078
   18   109.864
   19    11.200
   20    30.646
   21   100.000
   22    39.046
   23   100.179
   24   300.059
   25    20.413
   26    59.814
   27     1.078
    1    10.730
    2    52.260
    3     2.000
    4  2000.002
    5     1.019
    6    11.453
    7   101.021
    8     2.000
    9  5021.505
   10    52.289
   11    10.611
   12  1000.005
   13  2001.677
   14  3198.876
   15   100.739
   16   200.000
   17  2000.000
   18   301.019
   19   200.151
   20   100.141
   21    39.143
   22    12.016
   23   305.301
   24    38.937
   25    99.954
   26   299.631
   27   237.366
   28  2999.998
    1   100.751
    2  3040.467
    3    39.728
    4   399.368
    5     2.025
    6     1.057
    7   100.000
    8    20.648
    9   100.893
   10    40.639
   11  1000.004
   12    18.031
   13  2037.915
   14    40.000
   15   199.368
   16  2000.379
   17    39.614
   18   401.162
   19   205.535
   20   304.763
   21     3.986
   22    56.515
   23     4.025
   24    20.675
   25   113.062
   26  2000.003
   27   199.574
   28    42.000
   29     2.025
    1    10.143
    2   100.022
    3    63.631
    4    27.235
    5   200.000
    6     2.086
    7  2000.004
    8   299.008
    9     4.000
   10   199.857
   11    11.555
   12    28.426
   13   420.589
   14    19.854
   15    20.591
   16   200.000
   17    40.336
   18     2.086
   19  2999.997
   20    11.387
   21  2999.997
   22    20.307
   23   340.551
   24    40.418
   25   200.041
   26    29.038
   27    28.742
   28    21.420
   29    39.704
    1   100.105
    2    28.580
    3   100.194
    4     2.000
    5    18.183
    6  1000.003
    7    12.541
    8    59.599
    9   200.000
   10    19.688
    1    20.755
    2    10.000
    3   200.403
    4    21.974
    5    58.231
    6    21.001
    7  2000.000
    8    79.953
    9    10.000
   10    43.788
   11    40.231
   12    37.619
   13    40.673
   14    20.000
   15  2000.003
   16    40.000
   17   199.892
   18    19.710
   19    39.289
   20  3000.004
   21  3000.003
   22   220.000
   23   200.223
   24    40.000
   25    19.230
   26    60.810
   27   199.954
   28   205.426
   29    39.013
    1  2003.861
    2  2000.005
    3    40.939
    4    40.717
    5   100.798
    6   302.999
    7    59.371
    8    39.316
    9  2060.951
   10   202.144
   11    58.390
   12   200.202
   13    10.286
   14    10.000
   15   299.860
   16    39.432
   17    38.879
   18   200.000
   19    18.094
   20    22.165
   21     5.199
   22    20.939
   23   199.786
   24  1000.005
   25     5.111
   26    19.176
   27  1999.998
   28  1022.809
   29  3000.003
    1     1.911
    2     1.911
    3    61.029
    4    41.030
    5   200.086
    6    11.455
    7   404.261
    8   199.599
    9   100.000
   10   299.933
   11  2000.000
   12   119.968
   13   199.597
   14     1.206
   15    18.684
   16    28.726
   17     2.172
   18    20.498
   19   200.355
   20     1.122
    1   100.342
    2    59.039
    3    20.000
    4   100.000
    5  1999.998
    6   200.585
    7    40.827
    8    20.000
    9    52.286
   10     1.938
   11     2.000
   12  1999.995
   13  3023.195
   14    20.528
   15    20.560
   16   247.790
   17  2999.999
   18   200.493
   19   200.549
   20   400.249
   21    20.104
   22   200.194
   23   322.932
   24   199.807
   25   199.457
    1    29.847
    2   200.110
    3    10.400
    4     9.756
    5    40.597
    6    58.894
    7   199.996
    8    51.950
    9   221.236
   10    14.600
   11    99.996
   12    51.950
   13   299.966
   14   201.363
   15   101.279
   16    14.600
   17   100.000
   18    11.359
   19     5.681
   20   201.352
   21    10.400
   22    20.000
   23    19.024
   24   200.095
   25    99.994
   26   400.015
   27    51.948
   28   321.011
    1   400.000
    2  1040.272
    3  2999.998
    4   400.177
    5   200.607
    6    31.482
    7    39.633
    8    30.780
    9   100.236
   10    20.337
   11    59.882
   12  2000.003
   13  2000.000
   14    40.376
   15   400.016
   16    80.773
   17   200.010
   18   199.440
    1    20.270
    2    99.608
    3   300.276
    4    30.562
    5    50.784
    6    40.065
    7    40.335
    8    19.013
    9     1.118
   10   400.484
   11   400.020
   12    50.784
   13    32.031
   14    59.712
   15     1.118
   16    19.935
   17   300.581
    1   299.665
    2  2000.000
    3    21.160
    4    59.365
    5  1000.005
    6    40.000
    7   200.042
    8    32.787
    9    42.558
   10    22.206
   11    59.864
   12  1000.004
    1   199.882
    2    20.860
    3  2000.000
    4    99.455
    5    40.624
    6   300.737
    7    20.556
    8    10.367
    9    60.674
   10    29.770
   11    18.992
   12     4.000
   13  1000.003
   14    39.747
   15  2000.000
   16    59.603
   17    28.533
   18   300.652
    1   300.047
    2   351.221
    3   205.274
    4    20.342
    5   200.093
    6    40.704
    7   199.787
    8    39.151
    9    60.693
   10    28.621
   11   221.050
   12  2020.051
   13   229.402
   14    99.871
   15   100.047
   16    52.151
   17   117.776
   18    29.374
   19    39.059
   20    11.272
   21    39.752
   22    60.729
   23     2.068
    1     2.000
    2    22.511
    3    16.470
    4   200.318
    5   320.412
    6    11.775
    7   518.735
    8   328.776
    9    67.210
   10   200.098
   11    18.213
   12     2.000
   13   300.000
   14    19.979
   15    20.021
   16    19.027
   17    20.627
   18    40.253
   19   100.175
   20    20.275
   21   121.433
   22   100.117
   23   200.351
    1    21.867
    2   299.829
    3   100.056
    4  2000.000
    5    21.782
    6   100.753
    7     2.042
    8  1000.003
    9   200.855
   10  2000.000
   11    20.108
   12   200.454
   13    21.544
   14    22.260
   15   299.218
   16    19.778
   17    40.049
   18     4.000
   19    20.591
   20    22.768
   21   299.832
   22   316.816
   23  2102.898
   24   300.753
   25    59.809
   26   299.494
   27   200.488
   28    20.810
   29    23.268
    1   319.360
    2    59.256
    3    10.593
    4    40.000
    5     1.982
    6  3003.153
    7   200.000
    8     1.208
    9    38.774
   10    29.992
   11    21.202
   12  1000.005
   13    21.515
   14    61.226
   15     2.138
   16     1.982
   17   200.562
   18   199.896
   19     2.982
   20    58.774
   21   100.218
   22     1.138
   23  2316.291
   24    19.575
   25  2000.000
   26   221.724
   27    12.007
   28     2.087
   29     1.982
   30    57.527
   31    29.351
    1    19.007
    2    39.879
    3     1.055
    4    18.621
    5   199.938
    6     2.055
    7    58.553
    8  2000.000
    9  2000.000
   10     2.038
   11  2000.000
   12    40.836
   13  1000.005
   14  2000.000
   15  3003.192
   16    11.013
   17   299.742
   18  2999.998
   19    11.493
   20    40.000
   21    21.348
   22    38.553
   23     2.962
   24    18.824
   25  1000.005
   26    20.000
   27    21.866
   28  2017.687
   29     1.236
   30    19.921
   31    20.621
    1    21.688
    2  2015.741
    3   299.676
    4    20.140
    5  2000.000
    6   200.301
    7    19.642
    8    27.688
    9    40.470
   10    20.157
   11    40.335
   12     2.000
   13     2.087
   14   200.000
   15    59.855
   16     2.000
   17  2000.783
   18   251.129
   19   200.113
   20    21.109
   21   399.050
   22  2000.000
   23    20.361
    1   168.754
    2    20.186
    3   200.514
    4   198.899
    5   200.873
    6    99.994
    7   299.326
    8   151.818
    9    52.051
   10   100.283
   11    40.734
   12    19.239
   13   199.953
   14    19.589
   15    59.481
   16   399.512
   17    40.927
   18    52.075
   19    51.882
    1    18.108
    2    20.616
    3     5.100
    4    22.427
    5     2.025
    6  2000.000
    7     2.000
    8     2.025
    9    10.000
   10    19.678
   11    28.171
   12  2001.801
   13     1.133
   14    10.000
   15   200.112
   16   199.998
   17    39.379
   18    10.108
   19   100.261
   20     5.100
   21  1000.005
   22    19.585
   23    40.670
   24     2.011
   25    29.530
    1    11.955
    2    27.807
    3    59.259
    4   200.106
    5  2009.952
    6    59.827
    7  1000.003
    8    19.859
    9    40.270
   10    28.029
   11   100.000
   12    20.983
   13   100.000
   14   100.246
   15    39.452
   16    39.832
   17   100.786
   18  2000.000
    1   257.306
    2  2000.478
    3   220.000
    4    12.854
    5   299.793
    6   200.000
    7  2005.033
    8    19.539
    9    19.554
   10   200.150
   11    30.990
   12   200.549
   13    21.354
   14  4199.992
   15   299.828
    1     4.000
    2    20.000
    3   200.850
    4    59.853
    5    40.809
    6    20.000
    7    21.024
    8   200.293
    9   100.851
   10    39.137
   11    11.959
   12    39.428
   13     4.000
   14    40.319
   15   299.565
   16   199.950
   17   200.727
   18    20.443
    1   300.554
    2    18.830
    3    58.521
    4   100.000
    5    10.188
    6    29.076
    7    21.158
    8     1.973
    9    38.197
   10     1.139
   11    19.018
   12    10.401
   13     1.139
   14   148.681
   15     2.000
   16     2.039
   17    20.000
   18    40.154
   19    68.185
   20  2000.000
   21    49.012
   22   100.000
   23   198.289
   24   102.139
   25   299.696
   26  1999.998
   27    20.211
    1   199.773
    2  2000.002
    3   100.047
    4    40.216
    5   247.847
    6  1999.998
    7  2999.999
    8   152.029
    9  1000.002
   10   100.367
   11    10.497
   12   100.000
   13  2999.999
   14    52.134
   15   299.605
   16   100.000
   17   299.626
   18  3000.002
   19    20.968
   20   199.220
   21   299.687
   22   199.883
   23   300.024
   24   199.630
    1     1.063
    2    34.226
    3   199.856
    4   100.231
    5  2099.317
    6  2000.000
    7    39.065
    8   100.046
    9   200.044
   10     1.063
   11   306.881
   12    19.757
   13  2000.003
   14    60.447
   15   153.125
   16   199.852
   17    19.854
   18    40.511
   19     2.000
   20    53.180
   21    10.806
   22   100.346
   23     5.536
   24    10.000
   25   152.893
   26     5.536
    1    20.410
    2    92.198
    3   199.983
    4   448.804
    5    20.000
    6    51.429
    7    40.000
    8   100.171
    9    51.429
   10    20.425
   11    48.344
   12    39.721
   13    39.281
   14    20.221
   15   200.139
   16    51.437
    1    78.573
    2   302.365
    3     5.500
    4   200.498
    5   400.550
    6    44.331
    7    10.114
    8    10.000
    9    19.996
   10    22.582
   11    10.224
   12     9.935
   13   100.692
   14   299.818
   15    60.008
   16  1000.003
    1   199.799
    2    59.122
    3   299.816
    4     2.073
    5   199.868
    6    14.935
    7   100.916
    8    20.253
    9   299.296
   10    25.654
   11     5.555
   12     1.090
   13  3023.000
   14   101.750
   15  2000.004
   16    19.807
   17   244.943
   18  1000.003
   19    10.318
   20    40.000
   21   398.617
   22    39.590
   23  1000.003
   24  2000.003
   25   303.794
   26    29.762
   27  1000.003
   28    14.991
   29    10.155
   30    91.882
   31    19.572
    1    39.867
    2   199.938
    3    28.519
    4    10.000
    5  2000.000
    6   100.083
    7   100.156
    8  2000.003
    9    20.944
   10   191.142
   11    39.382
   12  1000.004
   13   152.172
   14    20.534
   15   100.000
   16    52.172
   17   199.648
   18   199.938
   19    20.754
   20    21.510
   21   100.181
   22  2000.004
   23    20.751
   24   199.970
   25    40.066
   26    59.049
   27   199.691
   28    40.000
    1    39.672
    2   200.107
    3   100.348
    4   200.257
    5    19.848
    6   400.000
    7   220.598
    8  1999.999
    9   100.571
   10    20.000
   11    10.491
   12  2009.808
   13   199.893
   14   219.952
   15     2.000
   16  2999.999
   17   300.187
   18   400.000
   19   200.609
   20     4.000
   21  2002.564
   22  3102.526
   23  3000.000
    1     5.967
    2    19.768
    3    29.682
    4    39.954
    5   200.478
    6   199.650
    7   300.000
    8    28.542
    9    28.039
   10    20.885
   11   418.707
   12    20.524
   13   321.561
   14    19.303
   15    40.000
   16    21.213
   17    19.782
   18    21.342
   19    10.344
   20    18.380
   21    19.793
   22    21.251
   23    21.273
    1    39.942
    2    11.219
    3   208.006
    4   299.476
    5   200.000
    6  2000.000
    7   100.523
    8  2000.000
    9  1000.005
   10   100.217
   11  2999.996
   12   199.602
   13    39.928
   14    60.665
   15    21.078
   16    21.470
    1     1.040
    2    19.223
    3     3.068
    4   200.149
    5    11.852
    6    99.772
    7    41.865
    8  1000.003
    9   100.328
   10   200.165
   11  2000.000
   12    10.670
   13    20.294
   14    40.870
   15     1.971
   16   152.626
    1    40.577
    2    38.480
    3  2999.998
    4  2002.510
    5   200.199
    6    59.641
    7  1000.003
    8  2000.000
    9    59.947
   10    39.611
   11    20.121
   12    50.854
   13   100.532
   14    99.981
   15  2000.000
   16   300.484
   17  2000.003
   18    40.263
   19    51.511
   20   200.221
   21     2.000
   22  2000.000
   23     1.056
   24    22.627
    1   100.110
    2  1999.995
    3   199.914
    4    21.201
    5  2999.993
    6    61.535
    7   100.375
    8    20.000
    9   200.163
   10  2000.006
   11    28.598
   12  2000.004
   13    22.173
   14    17.661
   15    70.750
   16   153.342
   17   200.000
   18  2999.998
   19   200.130
   20  3000.002
   21    20.374
   22    20.000
   23  3999.993
   24  1999.994
   25    21.637
   26  1999.998
    1     5.691
    2  2000.000
    3    19.934
    4   100.000
    5   100.271
    6   199.883
    7    20.548
    8  1999.999
    9    10.000
   10    12.263
   11  2000.000
   12    21.051
   13   210.000
   14  1000.006
   15    41.343
   16  1000.003
   17    39.312
   18   300.779
   19    19.944
   20   100.196
   21     5.691
   22    20.090
   23  2099.635
    1     2.030
    2   200.047
    3   600.000
    4    38.881
    5  3001.974
    6    20.269
    7  1000.006
    8    52.424
    9   400.000
   10  2000.003
   11  1999.998
   12   299.634
   13     1.044
   14    40.358
   15   599.996
   16   200.186
   17    31.166
   18   119.150
   19    20.860
   20   421.513
   21     1.044
   22   205.635
   23    11.642
   24  1000.007
   25     4.030
   26   600.526
    1   100.154
    2   210.030
    3   439.438
    4   200.281
    5   200.004
    6   400.000
    7    10.411
    8   103.375
    9   100.423
   10   100.154
   11    20.556
   12   200.351
   13    58.368
   14     1.145
   15   199.909
   16   200.372
   17   248.591
   18   299.936
   19   400.000
   20   200.035
   21   257.991
   22   305.899
   23    20.000
   24    11.766
   25    40.000
   26   305.218
   27   499.942
   28     1.145
   29     1.145
   30    23.297
   31   347.848
    1  3000.353
    2  3001.074
    3    59.766
    4    20.305
    5     1.972
    6   199.667
    7    68.490
    8   100.761
    9    20.076
   10   199.853
   11     2.000
   12   199.385
   13    14.420
   14    40.000
   15     2.084
   16  2000.002
   17   199.010
   18  3000.000
   19    20.107
   20     2.000
   21    27.770
   22   299.392
   23    11.502
   24  1999.999
   25   100.380
   26     2.000
   27     1.103
   28   199.059
   29  2000.000
    1  3010.308
    2     2.000
    3    79.917
    4    40.000
    5   301.086
    6     2.000
    7    20.000
    8    22.179
    9   199.741
   10    39.912
   11    39.938
   12  3018.958
   13   200.259
   14    20.740
   15    59.732
   16    59.820
   17   100.535
   18    20.182
   19    19.953
   20  1012.179
   21     2.000
   22    20.740
   23  1000.002
   24   399.206
   25     1.255
   26    11.366
   27    28.164
   28    12.080
   29    39.287
   30     1.242
   31     1.242
   32    20.724
    1   201.286
    2   199.707
    3  2999.998
    4    59.956
    5    18.898
    6  1000.006
    7    40.452
    8    31.428
    9     5.424
   10    59.577
   11  2000.003
   12   200.989
   13  2999.998
   14   217.809
   15    62.000
   16    10.938
   17   100.878
   18    30.814
   19   200.171
   20  2000.000
   21  2999.997
   22    21.669
   23    29.851
   24  1000.006
   25  1000.004
   26    19.616
   27  2000.003
   28  2999.997
    1    39.132
    2    19.008
    3    20.215
    4   199.937
    5    20.961
    6    79.219
    7    20.018
    8     5.258
    9   282.036
   10    18.856
   11   222.915
   12     5.258
   13   210.000
   14    30.055
   15    20.691
   16    20.926
   17    10.687
   18   200.365
   19    79.948
   20    20.756
   21   299.923
   22   221.658
   23   338.748
   24   199.635
   25    19.461
   26   220.015
   27     5.258
   28    59.496
    1     2.112
    2   400.000
    3     2.000
    4   400.237
    5    39.796
    6     4.000
    7    22.713
    8  2999.998
    9    53.077
   10    19.119
   11    42.329
   12     2.112
   13    20.966
   14   400.004
   15  1000.003
   16    39.406
   17  2000.003
   18   401.583
   19     2.108
   20  1000.003
   21  2001.108
   22  1200.010
   23   100.654
   24     2.030
   25   200.124
   26  2999.998
   27   199.984
   28   200.004
   29   100.570
   30    59.905
    1    10.000
    2   200.000
    3  2199.837
    4   299.919
    5    40.383
    6    18.932
    7   100.663
    8     2.000
    9    20.780
   10   319.418
   11    12.948
   12    39.504
   13     2.094
   14  2000.000
   15     2.000
   16   399.818
   17    19.205
   18   100.680
   19    11.152
   20  2018.263
   21  2000.002
   22    21.438
   23  1000.003
   24     2.094
   25    47.462
   26  1000.003
   27   200.081
   28   100.663
   29    40.000
   30    10.836
   31     2.930
   32   200.454
   33   200.128
    1     1.848
    2    21.079
    3    28.548
    4   100.600
    5    40.372
    6   222.304
    7   199.901
    8   100.000
    9    39.315
   10     2.973
   11    21.159
   12     2.973
   13    21.030
   14     2.204
   15    19.861
   16   200.331
   17    10.525
   18   200.000
   19    21.006
   20   159.675
   21   200.000
   22   299.779
   23   321.158
   24    58.994
   25    61.886
   26    38.970
   27    58.948
   28    29.679
   29   100.169
   30     2.000
   31    19.899
   32    60.765
   33    59.005
   34    78.022
   35    30.000
   36    53.545
   37     2.973
   38   100.000
   39    20.735
   40    21.150
   41    71.694
    1    20.000
    2    20.807
    3    20.889
    4    18.581
    5   100.035
    6    39.812
    7    60.906
    8    52.074
    9   200.566
   10     2.000
   11   200.000
   12    39.657
   13   100.769
   14    31.488
   15   118.999
   16    59.495
   17   199.913
   18   499.764
   19    79.056
   20    29.014
   21   204.948
   22    58.932
   23     2.877
   24    40.121
   25    28.001
   26    59.376
    1     2.060
    2   199.247
    3  2999.998
    4  2000.005
    5  2000.003
    6    59.523
    7    21.191
    8  2201.391
    9   103.524
   10  2000.000
   11    10.000
   12  2014.461
   13  1999.998
   14    20.237
   15  1000.006
   16     2.013
   17  2000.003
   18   204.759
   19   101.239
   20    21.721
   21   101.114
   22   204.404
   23    28.563
   24   100.549
   25     2.013
   26    19.953
   27     5.215
   28    30.000
   29    52.073
   30     1.099
   31  3000.002
   32   100.000
   33   200.095
   34  2000.000
   35    20.582
   36  3048.073
   37    10.955
   38    58.824
   39   200.020
    1     5.869
    2     5.767
    3   319.530
    4    59.840
    5    19.976
    6   300.725
    7    20.000
    8     9.517
    9    20.257
   10    20.867
   11    59.940
   12   300.000
   13    28.657
   14    10.000
   15    20.498
   16    10.000
   17    41.037
   18    42.238
    1    19.512
    2    10.000
    3     2.000
    4   204.434
    5    51.664
    6     2.798
    7    39.396
    8    39.668
    9  2000.000
   10    40.580
   11     1.219
   12     2.798
   13    51.424
   14    19.117
   15   199.865
   16    20.431
    1    19.514
    2   399.957
    3   299.662
    4    52.690
    5    29.325
    6  2000.003
    7   409.652
    8    39.276
    9    59.664
   10     5.309
   11     5.309
   12    11.873
   13     9.995
   14    27.582
   15    40.692
   16  2000.005
   17    18.432
   18    58.151
   19    10.114
   20    79.276
   21  2000.002
   22     5.309
   23   207.019
   24  1999.999
   25     4.000
   26    40.664
   27    29.578
   28  3000.000
   29    10.114
   30  2000.000
   31  3999.997
   32    58.045
   33   202.344
    1    41.423
    2    19.763
    3   200.000
    4    40.837
    5    20.841
    6  1000.009
    7   200.038
    8  2000.004
    9   299.673
   10   199.920
   11  2000.005
   12    10.000
   13  3017.724
   14    10.455
   15    20.670
   16    19.739
   17   100.331
   18     1.048
   19    21.303
   20    14.825
    1    27.356
    2    53.910
    3   199.993
    4   200.087
    5   199.993
    6    60.000
    7   400.634
    8   199.776
    9    19.714
   10    79.762
   11    51.147
   12   100.087
   13    20.630
   14   299.788
   15    20.536
    1    40.537
    2   100.039
    3   106.876
    4  2047.808
    5   200.065
    6    52.605
    7   100.122
    8    39.503
    9    10.000
   10  2200.419
   11   100.152
   12    62.509
   13   299.623
   14  1021.724
   15  2018.492
   16  2000.002
   17   199.814
   18   200.154
   19   199.617
   20    40.964
    1    10.054
    2   100.042
    3     5.242
    4  2100.174
    5    40.746
    6   400.000
    7   199.997
    8   399.931
    9   300.000
   10    40.938
   11    18.006
   12  3000.000
   13   259.097
   14    12.476
   15   200.137
   16    28.309
   17    59.479
   18  2000.000
   19  2004.531
   20   200.069
   21  2000.005
    1    19.560
    2   100.272
    3   322.235
    4    20.000
    5  1000.003
    6    59.701
    7    20.576
    8  1000.004
    9     2.000
   10  2000.000
   11   299.947
   12  2000.000
   13    10.898
   14    60.087
   15    39.785
    1    50.993
    2   299.804
    3    60.395
    4   299.786
    5   100.421
    6    20.527
    7   199.827
    8    19.515
    9    40.000
   10   201.221
   11   200.118
   12    19.818
   13    59.965
   14   399.824
   15    21.192
   16   100.000
   17   100.000
   18   300.181
   19    40.000
   20   100.190
   21    23.537
   22    60.240
   23   100.000
   24   100.186
   25   311.972
   26    50.993
   27   300.067
   28    50.993
   29     1.221
   30    20.313
    1    10.575
    2   219.211
    3   151.713
    4    20.083
    5     2.107
    6   100.809
    7    51.949
    8    20.570
    9   121.925
   10    12.928
    1     2.000
    2    63.051
    3    28.508
    4     1.117
    5   200.352
    6   248.677
    7    40.000
    8    38.765
    9   200.187
   10     1.117
   11   200.449
   12    39.563
   13    79.392
   14   300.397
   15     2.146
   16    40.593
   17    22.131
   18    24.854
   19    42.964
   20    20.000
   21    22.513
   22    21.054
   23    11.269
    1    39.281
    2    20.144
    3    38.493
    4    60.000
    5    28.554
    6    60.000
    7     2.047
    8   319.281
    9    60.510
   10    40.306
   11    59.876
   12    12.807
   13    20.692
   14    39.882
   15    40.503
   16     2.047
    1    60.124
    2    60.000
    3    59.023
    4    40.000
    5    21.342
    6     4.000
    7     2.045
    8   101.430
    9     4.000
   10   199.922
   11     5.091
   12   205.387
    1   340.000
    2   222.372
    3   299.597
    4     5.347
    5   199.918
    6    28.203
    7    58.569
    8    39.419
    9    51.931
   10   199.925
    1    19.414
    2    52.851
    3    39.077
    4   101.316
    5     1.956
    6    41.923
    7  2012.553
    8     1.051
    9     2.956
   10     1.077
   11    22.018
   12    40.320
   13    19.919
   14     1.956
   15   200.000
   16  1000.004
   17   400.537
   18   118.688
   19     1.956
   20   199.656
   21     1.084
   22    41.363
   23  2000.000
   24    11.184
   25     2.956
   26    23.051
   27    59.707
   28   300.164
   29   399.403
   30   100.537
   31  1999.999
   32   200.860
   33    29.612
   34   201.130
   35   199.645
   36    27.808
    1    60.418
    2    30.970
    3    40.467
    4   100.072
    5   199.721
    6    37.651
    7  2000.000
    8     1.181
    9   299.191
   10    52.000
   11   299.583
   12    59.494
   13     1.181
   14  2099.439
   15     1.181
   16    20.202
   17    20.378
   18    40.313
   19    30.634
   20   200.166
   21     1.181
    1    20.908
    2   200.026
    3   400.000
    4   200.657
    5  1000.002
    6   200.497
    7  2000.004
    8   300.482
    9   200.000
   10    60.199
   11    11.606
   12    61.463
   13  1000.004
   14   299.537
   15   100.000
   16  1000.002
   17    39.701
   18    22.762
   19   100.719
   20   104.201
    1  2999.997
    2  1999.998
    3   318.989
    4   199.824
    5  1000.006
    6   400.739
    7    39.194
    8    40.858
    9   300.000
   10    80.045
   11    40.886
   12  2999.998
   13  2000.000
   14  2000.006
   15   199.836
    1   400.000
    2   200.246
    3   100.274
    4     5.060
    5   201.118
    6  2000.000
    7    40.000
    8   200.208
    9   100.367
   10   100.246
   11  2118.533
   12   400.000
   13    10.820
   14    19.584
   15    20.743
   16    10.000
   17   299.757
   18     2.000
   19    10.000
   20  2000.000
   21    26.513
   22    39.610
    1   199.756
    2    20.399
    3    13.401
    4  2000.004
    5   199.965
    6   100.000
    7   148.851
    8   160.160
    9     1.031
   10    21.078
   11  2000.003
   12   200.000
   13    21.288
   14    42.321
   15     2.000
   16    20.214
   17   200.238
   18    59.550
   19  2000.003
   20    39.123
   21  4000.532
   22  1000.007
   23    10.244
   24     2.000
   25    19.926
   26  2065.320
    1  1999.998
    2    52.255
    3  1999.998
    4  2000.003
    5  2004.935
    6  3099.858
    7    59.252
    8    37.900
    9    29.942
   10    10.837
   11    20.506
   12    20.106
   13    19.820
   14    21.181
   15   199.967
   16  3099.225
   17    10.000
   18   305.001
   19   300.212
   20    52.255
   21    52.255
   22    18.761
   23    38.980
   24   299.604
   25    21.301
   26     5.167
   27    58.991
   28    60.104
    1   200.023
    2     2.000
    3   100.000
    4    22.554
    5    40.960
    6   152.520
    7    39.387
    8    79.380
    9   100.000
   10   100.000
   11    56.524
   12  1000.005
   13   200.434
   14    32.148
   15   152.086
   16   199.739
   17  3105.145
   18   140.768
    1    19.606
    2   300.000
    3   129.166
    4   226.450
    5   199.502
    6   300.739
    7   200.000
    8    30.652
    9    38.525
   10    20.513
   11   299.502
   12    59.954
   13    30.099
   14    20.834
   15    18.903
   16   100.153
   17    41.693
   18   300.093
   19    28.641
   20    20.425
   21   119.697
   22    61.079
   23   199.896
   24    29.168
   25    51.398
   26   110.192
    1     2.000
    2   100.858
    3    40.517
    4    40.477
    5  2106.271
    6    79.441
    7     5.175
    8    19.978
    9    58.676
   10    21.188
   11   299.300
   12    20.497
   13    10.000
   14    38.553
   15    38.960
   16   200.901
   17    28.993
   18   299.159
    1   299.696
    2   100.000
    3     4.000
    4    59.984
    5  4006.804
    6   199.358
    7    39.140
    8   199.312
    9  2999.995
   10    19.248
   11    28.156
   12    40.615
   13     2.118
    1    39.477
    2   299.360
    3   200.265
    4    39.317
    5  1999.996
    6    19.140
    7    21.174
    8    59.842
    9     1.017
   10     5.418
   11  2999.994
   12  1999.998
   13    58.936
   14    59.463
   15    40.421
   16    19.727
   17   100.323
   18    39.115
   19  1999.995
   20    10.253
   21    12.247
   22  1999.997
   23    60.272
    1   100.000
    2    21.317
    3     2.000
    4    20.864
    5    59.760
    6  1000.004
    7  1000.006
    8    40.286
    9    10.000
   10    81.482
   11    52.000
   12     5.088
   13    40.238
   14    20.167
   15   200.171
   16  2100.350
   17     5.088
   18  3001.989
   19  1000.006
   20  1999.997
   21  2000.695
    1   129.916
    2     1.075
    3    17.912
    4     2.053
    5   199.562
    6     2.000
    7    20.281
    8    19.869
    9    23.292
   10    20.883
   11    39.842
   12     1.075
   13   200.511
   14     2.000
    1     1.189
    2   200.000
    3    10.389
    4   212.581
    5   200.000
    6    20.832
    7    10.000
    8   200.082
    9   208.257
   10   120.796
   11   200.035
   12     1.189
   13    39.913
   14    10.000
    1    40.562
    2  3999.997
    3  3048.515
    4    21.382
    5     4.000
    6   199.897
    7    10.924
    8  2000.000
    9    39.553
   10  2000.000
   11   399.576
   12     2.049
   13    20.489
   14    28.417
   15  2000.005
   16     2.049
   17  3000.000
   18   299.041
   19    39.832
   20    39.655
   21    59.549
   22   399.330
   23    40.912
   24  3000.003
   25   199.813
   26    39.526
   27   299.844
   28    19.447
    1  2000.000
    2    21.169
    3    59.352
    4     1.097
    5  1000.004
    6     1.064
    7    11.728
    8    40.330
    9     4.000
   10  1000.003
   11  2200.012
   12    20.918
   13  1000.004
   14     3.000
   15    44.546
   16    51.930
   17    58.683
   18     2.043
