       1.0  0.0170417        1.0     0          0
       1.0  0.0884408        1.0     1          1
       2.0  0.0454103        2.0     2          2
       2.0  0.0357972        2.0     3          3
       5.0  0.0027625        5.0     4          4
      10.0  0.1313165       10.0     5          5
      10.0  0.0841816       10.0     6          6
      10.0  0.0320793       10.0     7          7
      10.0   0.298613       10.0     8          8
      10.0  0.1817445       10.0     9          9
      10.0  0.0818242       10.0    10         10
      10.0  0.1804794       10.0    11         11
      10.0  0.0507275       10.0    12         12
      10.0  0.0982171       10.0    13         13
      10.0  0.1425466       10.0    14         14
      10.0  0.0091912       10.0    15         15
      10.0  0.0688766       10.0    16         16
      10.0  0.1249439       10.0    17         17
      10.0    0.16882       10.0    18         18
      10.0  0.0414713       10.0    19         19
      10.0  0.0555447       10.0    20         20
      10.0  0.0855764       10.0    21         21
      10.0  0.0175949       10.0    22         22
      10.0  0.1116054       10.0    23         23
      10.0  0.0321576       10.0    24         24
      10.0  0.0125319       10.0    25         25
      10.0  0.3550459       10.0    26         26
      10.0  0.0772082       10.0    27         27
      10.0  0.3943969       10.0    28         28
      10.0  0.0015322       10.0    29         29
      10.0   0.108684       10.0    30         30
      20.0   0.005093       20.0    31         31
      20.0  0.1096861       20.0    32         32
      20.0  0.0172139       20.0    33         33
      20.0  0.1518628       20.0    34         34
      20.0  0.0252135       20.0    35         35
      20.0  0.0111876       20.0    36         36
      20.0  0.0592757       20.0    37         37
      20.0  0.0133511       20.0    38         38
      20.0  0.0163932       20.0    39         39
      20.0  0.0558365       20.0    40         40
      20.0  0.0931391       20.0    41         41
      20.0  0.0282161       20.0    42         42
      20.0  0.0144705       20.0    43         43
      20.0  0.0278555       20.0    44         44
      20.0  0.0931336       20.0    45         45
      20.0   0.006342       20.0    46         46
      20.0  0.0861147       20.0    47         47
      20.0  0.0372957       20.0    48         48
      20.0  0.0893025       20.0    49         49
      20.0  0.0796978       20.0    50         50
      20.0  0.0189721       20.0    51         51
      20.0  0.0140731       20.0    52         52
      50.0  0.2669029       50.0    53         53
      50.0  0.0059746       50.0    54         54
     100.0  0.2548688      100.0    55         55
     100.0  0.0078672      100.0    56         56
     100.0  0.0537156      100.0    57         57
     100.0  0.0141533      100.0    58         58
     100.0  0.0087402      100.0    59         59
     100.0  0.0130939      100.0    60         60
     100.0  0.0264005      100.0    61         61
     100.0  0.0240207      100.0    62         62
     100.0  0.0572519      100.0    63         63
     100.0  0.0406167      100.0    64         64
     100.0  0.0514841      100.0    65         65
     100.0  0.0246991      100.0    66         66
     100.0  0.3292709      100.0    67         67
     100.0  0.0444584      100.0    68         68
     100.0  0.0309176      100.0    69         69
     200.0  0.0031253      200.0    70         70
    1000.0  0.0016348     1000.0    71         71
    1000.0  0.0014804     1000.0    72         72
    1000.0  0.0009923     1000.0    73         73
       1.0  0.0234332        1.0     0          0
       2.0  0.0207355        2.0     1          1
       5.0  0.1636951        5.0     2          2
      10.0  0.1292374       10.0     3          3
      10.0  0.3113744       10.0     4          4
      10.0  0.0262471       10.0     5          5
      10.0  1.1518952       10.0     6          6
      10.0  1.0792517       10.0     7          7
      10.0   0.367977       10.0     8          8
      10.0  0.6264712       10.0     9          9
      10.0  0.0167784       10.0    10         10
      10.0  0.0844803       10.0    11         11
      10.0  0.1060397       10.0    12         12
      10.0  0.0222132       10.0    13         13
      10.0  0.1488458       10.0    14         14
      10.0  0.0518053       10.0    15         15
      20.0  0.1672165       20.0    16         16
      20.0  0.0119674       20.0    17         17
      20.0  0.0040637       20.0    18         18
      20.0  0.0006907       20.0    19         19
      20.0   0.052995       20.0    20         20
      20.0  0.0373614       20.0    21         21
      20.0  0.0087464       20.0    22         22
      20.0    0.00175       20.0    23         23
      20.0  0.0152152       20.0    24         24
      20.0  0.0499463       20.0    25         25
      50.0  0.0706263       50.0    26         26
      50.0  0.0121557       50.0    27         27
     100.0  0.1091461      100.0    28         28
     100.0  0.0599142      100.0    29         29
     100.0  0.0079343      100.0    30         30
     100.0  0.0536665      100.0    31         31
     100.0  0.1598737      100.0    32         32
     100.0   0.003932      100.0    33         33
     100.0  0.1604485      100.0    34         34
     100.0  0.0086817      100.0    35         35
     200.0  0.0026949      200.0    36         36
    1000.0  0.0015287     1000.0    37         37
       1.0  0.0426079        1.0     0          0
       2.0  0.0208283        2.0     1          1
       2.0  0.0325383        2.0     2          2
       5.0  0.0280518        5.0     3          3
       5.0  0.0207984        5.0     4          4
      10.0  0.1861462       10.0     5          5
      10.0  0.5149221       10.0     6          6
      10.0  0.1333988       10.0     7          7
      10.0  0.0921102       10.0     8          8
      10.0  0.1473798       10.0     9          9
      10.0  0.1069968       10.0    10         10
      10.0  0.1260392       10.0    11         11
      10.0  0.2051444       10.0    12         12
      10.0  0.0275893       10.0    13         13
      10.0  0.1660431       10.0    14         14
      10.0  0.2450657       10.0    15         15
      10.0  0.3034559       10.0    16         16
      10.0  0.5506132       10.0    17         17
      10.0  0.0278255       10.0    18         18
      10.0  0.4748657       10.0    19         19
      10.0  0.0879545       10.0    20         20
      10.0  0.1766967       10.0    21         21
      10.0  0.0829843       10.0    22         22
      20.0  0.1019748       20.0    23         23
      20.0   0.249449       20.0    24         24
      20.0  0.0541085       20.0    25         25
      20.0  0.0866247       20.0    26         26
      20.0  0.1014103       20.0    27         27
      20.0  0.1286407       20.0    28         28
      20.0  0.1620513       20.0    29         29
      20.0  0.0737858       20.0    30         30
      20.0  0.0375717       20.0    31         31
      20.0  0.0946859       20.0    32         32
      20.0  0.0277422       20.0    33         33
      20.0  0.0048727       20.0    34         34
      20.0   0.010734       20.0    35         35
      20.0  0.0321977       20.0    36         36
      50.0  0.0111285       50.0    37         37
     100.0  0.0053363      100.0    38         38
     100.0  0.0129909      100.0    39         39
     100.0  0.0114722      100.0    40         40
     100.0   0.036223      100.0    41         41
     100.0   0.035976      100.0    42         42
     100.0  0.0645797      100.0    43         43
     100.0  0.0087063      100.0    44         44
     100.0  0.1341926      100.0    45         45
     200.0  0.0039759      200.0    46         46
    1000.0  0.0014117     1000.0    47         47
    1000.0  0.0016448     1000.0    48         48
    1000.0  0.0010885     1000.0    49         49
    1000.0   0.001117     1000.0    50         50
       1.0  0.0261495        1.0     0          0
       1.0  0.0677058        1.0     1          1
       1.0  0.0063946        1.0     2          2
       1.0   0.052672        1.0     3          3
       5.0  0.0052222        5.0     4          4
       5.0  0.0153812        5.0     5          5
       5.0  0.1402689        5.0     6          6
      10.0  0.1758807       10.0     7          7
      10.0  0.0188695       10.0     8          8
      10.0  0.1070036       10.0     9          9
      10.0  0.1179032       10.0    10         10
      10.0  0.2384706       10.0    11         11
      10.0  0.0366028       10.0    12         12
      10.0  0.0107786       10.0    13         13
      10.0  0.0356454       10.0    14         14
      10.0  0.2683854       10.0    15         15
      10.0   0.133574       10.0    16         16
      10.0  0.0576095       10.0    17         17
      10.0  0.0383885       10.0    18         18
      10.0  0.0884661       10.0    19         19
      10.0  0.1660825       10.0    20         20
      10.0  0.1907978       10.0    21         21
      10.0  0.1023379       10.0    22         22
      10.0  0.0286386       10.0    23         23
      20.0  0.0313192       20.0    24         24
      20.0  0.0222685       20.0    25         25
      20.0  0.0370512       20.0    26         26
      20.0  0.1381023       20.0    27         27
      20.0  0.0758879       20.0    28         28
      20.0  0.1349999       20.0    29         29
      20.0  0.0501658       20.0    30         30
      20.0  0.1863883       20.0    31         31
      20.0  0.0285219       20.0    32         32
      20.0  0.0652001       20.0    33         33
      20.0  0.0229461       20.0    34         34
      20.0  0.2307907       20.0    35         35
      20.0  0.6649229       20.0    36         36
      20.0  0.1395307       20.0    37         37
      20.0  0.1381998       20.0    38         38
      20.0  0.3086509       20.0    39         39
      20.0  0.0010307       20.0    40         40
      20.0  0.0495221       20.0    41         41
      20.0  0.0295989       20.0    42         42
      20.0  0.0759515       20.0    43         43
      20.0  0.0251967       20.0    44         44
      50.0  0.0424886       50.0    45         45
     100.0  0.0012358      100.0    46         46
     100.0  0.0096676      100.0    47         47
     100.0  0.0605703      100.0    48         48
     100.0  0.0154741      100.0    49         49
     100.0  0.0150023      100.0    50         50
     100.0  0.0529608      100.0    51         51
     100.0  0.0144354      100.0    52         52
     100.0  0.0161077      100.0    53         53
     100.0  0.0353619      100.0    54         54
     100.0  0.0675308      100.0    55         55
     100.0  0.0354271      100.0    56         56
     100.0  0.0578803      100.0    57         57
     100.0  0.0178393      100.0    58         58
     100.0  0.1886441      100.0    59         59
     100.0  0.0221998      100.0    60         60
     100.0  0.0814902      100.0    61         61
     100.0  0.1137694      100.0    62         62
     100.0  0.0028057      100.0    63         63
     100.0   0.214439      100.0    64         64
     100.0  0.0011476      100.0    65         65
     200.0  0.0154052      200.0    66         66
     200.0  0.0057263      200.0    67         67
     200.0  0.0153939      200.0    68         68
    1000.0  0.0019642     1000.0    69         69
    1000.0  0.0016629     1000.0    70         70
    1000.0  0.0009132     1000.0    71         71
       1.0  0.0967479        1.0     0          0
       1.0  0.0112475        1.0     1          1
       2.0  0.0096719        2.0     2          2
       2.0  0.0869539        2.0     3          3
       2.0  0.0092701        2.0     4          4
      10.0  0.0910468       10.0     5          5
      10.0  0.1415325       10.0     6          6
      10.0  0.1003557       10.0     7          7
      10.0  0.0185605       10.0     8          8
      10.0  0.3400411       10.0     9          9
      10.0  0.0645732       10.0    10         10
      10.0  0.1280177       10.0    11         11
      10.0  0.2931091       10.0    12         12
      10.0  0.3161055       10.0    13         13
      10.0  0.0377612       10.0    14         14
      10.0  0.0057616       10.0    15         15
      10.0  0.7073337       10.0    16         16
      10.0  0.0210385       10.0    17         17
      10.0  0.0449891       10.0    18         18
      20.0  0.0251249       20.0    19         19
      20.0  0.0384834       20.0    20         20
      20.0   0.018154       20.0    21         21
      20.0  0.2207546       20.0    22         22
      20.0  0.0116005       20.0    23         23
      20.0  0.2390932       20.0    24         24
      20.0  0.0202413       20.0    25         25
      20.0  0.0125424       20.0    26         26
      20.0  0.0283566       20.0    27         27
      20.0  0.0620363       20.0    28         28
      20.0  0.0201197       20.0    29         29
      20.0  0.1392595       20.0    30         30
      20.0  0.0583868       20.0    31         31
      20.0  0.2322994       20.0    32         32
      20.0  0.0349881       20.0    33         33
      20.0  0.3528335       20.0    34         34
      20.0   0.107211       20.0    35         35
      20.0  0.0324127       20.0    36         36
      20.0   0.074848       20.0    37         37
      20.0  0.2055277       20.0    38         38
      20.0  0.0455218       20.0    39         39
      20.0   0.069148       20.0    40         40
      20.0  0.0256212       20.0    41         41
      50.0   0.016349       50.0    42         42
      50.0  0.0034415       50.0    43         43
      50.0  0.0235813       50.0    44         44
     100.0  0.1861278      100.0    45         45
     100.0  0.0647926      100.0    46         46
     100.0  0.0181675      100.0    47         47
     100.0  0.0228111      100.0    48         48
     100.0  0.0073839      100.0    49         49
     100.0  0.0218124      100.0    50         50
     100.0  0.0936638      100.0    51         51
     100.0  0.0123058      100.0    52         52
     100.0  0.0434069      100.0    53         53
     100.0  0.0561187      100.0    54         54
     100.0  0.0090934      100.0    55         55
     100.0  0.0331295      100.0    56         56
     100.0  0.1233305      100.0    57         57
     100.0  0.0198796      100.0    58         58
     100.0  0.0083083      100.0    59         59
     100.0  0.0195884      100.0    60         60
     100.0  0.0402286      100.0    61         61
    1000.0  0.0017857     1000.0    62         62
    1000.0   0.000721     1000.0    63         63
    1000.0  0.0016888     1000.0    64         64
       1.0  0.0335311        1.0     0          0
       1.0   0.034274        1.0     1          1
       2.0  0.1681494        2.0     2          2
       2.0  0.0103452        2.0     3          3
       5.0  0.0717359        5.0     4          4
      10.0  0.1847874       10.0     5          5
      10.0  0.0091842       10.0     6          6
      10.0  0.0295669       10.0     7          7
      10.0  0.0938233       10.0     8          8
      10.0  0.3948395       10.0     9          9
      10.0  0.1646385       10.0    10         10
      10.0  0.0777906       10.0    11         11
      10.0  0.1833171       10.0    12         12
      10.0  0.1034376       10.0    13         13
      10.0  0.4056427       10.0    14         14
      10.0   0.014056       10.0    15         15
      10.0    0.25295       10.0    16         16
      10.0   0.130317       10.0    17         17
      10.0  0.0249823       10.0    18         18
      10.0  0.0324547       10.0    19         19
      10.0  0.0239792       10.0    20         20
      10.0  0.0275956       10.0    21         21
      10.0  0.3015438       10.0    22         22
      10.0  0.0793597       10.0    23         23
      20.0  0.0516336       20.0    24         24
      20.0  0.0647715       20.0    25         25
      20.0  0.1078464       20.0    26         26
      20.0  0.0701404       20.0    27         27
      20.0   0.032851       20.0    28         28
      20.0  0.0868606       20.0    29         29
      20.0   0.021464       20.0    30         30
      20.0   0.399573       20.0    31         31
      20.0  0.1865419       20.0    32         32
      20.0  0.2050525       20.0    33         33
      20.0  0.0112613       20.0    34         34
      20.0  0.0092326       20.0    35         35
      20.0  0.0771329       20.0    36         36
      50.0  0.0397008       50.0    37         37
     100.0  0.1126813      100.0    38         38
     100.0  0.0080064      100.0    39         39
     100.0  0.2498602      100.0    40         40
     100.0  0.1920406      100.0    41         41
     100.0   0.011517      100.0    42         42
     100.0  0.0582883      100.0    43         43
     100.0  0.0121818      100.0    44         44
     100.0  0.0257172      100.0    45         45
     100.0  0.0165463      100.0    46         46
     100.0  0.0726493      100.0    47         47
     100.0  0.0019524      100.0    48         48
     100.0  0.0081412      100.0    49         49
     100.0   0.016362      100.0    50         50
     100.0  0.1156532      100.0    51         51
     100.0  0.0798275      100.0    52         52
     100.0  0.0945493      100.0    53         53
     100.0  0.0526587      100.0    54         54
    1000.0  0.0011712     1000.0    55         55
    1000.0  0.0020866     1000.0    56         56
    1000.0  0.0010517     1000.0    57         57
    1000.0  0.0007849     1000.0    58         58
       1.0  0.1059592        1.0     0          0
       1.0  0.0989844        1.0     1          1
       2.0  0.0965003        2.0     2          2
      10.0  0.0076154       10.0     3          3
      10.0  0.0172325       10.0     4          4
      10.0  0.1446246       10.0     5          5
      10.0  0.0861403       10.0     6          6
      10.0  0.0895845       10.0     7          7
      10.0  0.0066107       10.0     8          8
      10.0    0.10589       10.0     9          9
      10.0   0.033355       10.0    10         10
      10.0  0.2574175       10.0    11         11
      10.0  0.2079678       10.0    12         12
      10.0  0.0027919       10.0    13         13
      10.0  0.3669326       10.0    14         14
      10.0  0.4012487       10.0    15         15
      10.0   0.122737       10.0    16         16
      10.0  0.1367252       10.0    17         17
      10.0   0.121354       10.0    18         18
      20.0  0.0127883       20.0    19         19
      20.0  0.0274082       20.0    20         20
      20.0   0.042211       20.0    21         21
      20.0  0.0036212       20.0    22         22
      20.0  0.0082147       20.0    23         23
      20.0  0.0027989       20.0    24         24
      20.0  0.0433258       20.0    25         25
      20.0  0.1897177       20.0    26         26
      20.0  0.0195728       20.0    27         27
      20.0  0.0299351       20.0    28         28
      20.0   0.075707       20.0    29         29
      20.0  0.0816187       20.0    30         30
      50.0  0.0945391       50.0    31         31
     100.0  0.0646399      100.0    32         32
     100.0  0.1174751      100.0    33         33
     100.0  0.0560891      100.0    34         34
     100.0  0.0211295      100.0    35         35
     100.0  0.0327366      100.0    36         36
     100.0   0.039667      100.0    37         37
     100.0  0.0740241      100.0    38         38
     100.0  0.1352184      100.0    39         39
     100.0  0.0604651      100.0    40         40
     100.0  0.0065448      100.0    41         41
     100.0  0.0159956      100.0    42         42
     100.0  0.0333776      100.0    43         43
     100.0  0.1472925      100.0    44         44
     100.0  0.0051596      100.0    45         45
     100.0  0.0299389      100.0    46         46
     100.0  0.0104093      100.0    47         47
     100.0  0.0229899      100.0    48         48
     100.0  0.0401252      100.0    49         49
     100.0  0.0136643      100.0    50         50
     100.0  0.0946848      100.0    51         51
     100.0  0.0288068      100.0    52         52
     100.0  0.0286135      100.0    53         53
     200.0  0.0029076      200.0    54         54
    1000.0  0.0011721     1000.0    55         55
    1000.0  0.0020146     1000.0    56         56
    1000.0  0.0017956     1000.0    57         57
    1000.0  0.0016258     1000.0    58         58
       1.0  0.0129085        1.0     0          0
       1.0  0.0594204        1.0     1          1
       2.0  0.0747268        2.0     2          2
       2.0  0.0244003        2.0     3          3
       2.0   0.022805        2.0     4          4
       5.0  0.0201325        5.0     5          5
      10.0  0.0491058       10.0     6          6
      10.0  0.8041875       10.0     7          7
      10.0    0.05175       10.0     8          8
      10.0  0.0124993       10.0     9          9
      10.0  0.4343124       10.0    10         10
      10.0  0.0599762       10.0    11         11
      10.0  0.0616835       10.0    12         12
      10.0  0.0022366       10.0    13         13
      10.0  0.2747318       10.0    14         14
      10.0  0.1475446       10.0    15         15
      10.0  0.1572473       10.0    16         16
      10.0  0.5283668       10.0    17         17
      10.0  0.0595445       10.0    18         18
      10.0  0.0089954       10.0    19         19
      10.0  0.0178549       10.0    20         20
      10.0  0.1451532       10.0    21         21
      10.0  0.1226412       10.0    22         22
      20.0  0.0142027       20.0    23         23
      20.0  0.1424362       20.0    24         24
      20.0  0.1977972       20.0    25         25
      20.0  0.0402609       20.0    26         26
      20.0  0.1471696       20.0    27         27
      20.0  0.0603188       20.0    28         28
      20.0  0.0588355       20.0    29         29
      20.0  0.2120422       20.0    30         30
      20.0  0.0371193       20.0    31         31
      20.0   0.044968       20.0    32         32
      20.0  0.0112286       20.0    33         33
      20.0  0.0880147       20.0    34         34
      20.0  0.3632193       20.0    35         35
     100.0  0.0193743      100.0    36         36
     100.0   0.048687      100.0    37         37
     100.0  0.0032261      100.0    38         38
     100.0  0.0028415      100.0    39         39
     100.0  0.0888196      100.0    40         40
     100.0  0.0094095      100.0    41         41
     100.0  0.0552807      100.0    42         42
     100.0  0.1200001      100.0    43         43
     100.0  0.0587452      100.0    44         44
     100.0  0.0837122      100.0    45         45
     100.0  0.1689031      100.0    46         46
     200.0  0.0043459      200.0    47         47
    1000.0  0.0018252     1000.0    48         48
    1000.0  0.0010398     1000.0    49         49
    1000.0   0.000866     1000.0    50         50
    1000.0   0.001696     1000.0    51         51
       1.0  0.0374002        1.0     0          0
       1.0  0.0059033        1.0     1          1
       2.0   0.045021        2.0     2          2
       5.0  0.0056114        5.0     3          3
       5.0  0.1255727        5.0     4          4
       5.0  0.1107494        5.0     5          5
      10.0   0.201637       10.0     6          6
      10.0  0.1259462       10.0     7          7
      10.0  0.0798324       10.0     8          8
      10.0  0.1281389       10.0     9          9
      10.0  0.0553067       10.0    10         10
      10.0  0.0464911       10.0    11         11
      10.0  0.0205493       10.0    12         12
      10.0  0.5586003       10.0    13         13
      10.0  0.1210373       10.0    14         14
      10.0  0.0196495       10.0    15         15
      10.0  0.8729011       10.0    16         16
      10.0  0.0014535       10.0    17         17
      10.0  0.1557217       10.0    18         18
      10.0  0.1924394       10.0    19         19
      10.0  0.1891539       10.0    20         20
      10.0  0.1031967       10.0    21         21
      10.0  0.0329737       10.0    22         22
      10.0  0.1653038       10.0    23         23
      10.0  0.0164148       10.0    24         24
      10.0  0.1820333       10.0    25         25
      10.0  0.0056854       10.0    26         26
      20.0   0.006655       20.0    27         27
      20.0  0.0049668       20.0    28         28
      20.0  0.1539596       20.0    29         29
      20.0  0.0272934       20.0    30         30
      20.0  0.0181492       20.0    31         31
      20.0  0.0038453       20.0    32         32
      20.0  0.0347122       20.0    33         33
      20.0  0.0726326       20.0    34         34
      20.0  0.0043443       20.0    35         35
      20.0  0.2519519       20.0    36         36
      20.0  0.2543794       20.0    37         37
      20.0   0.028668       20.0    38         38
      20.0  0.0217187       20.0    39         39
      20.0  0.0158441       20.0    40         40
      20.0  0.0027058       20.0    41         41
      20.0  0.0544041       20.0    42         42
      50.0  0.0718241       50.0    43         43
      50.0  0.1129845       50.0    44         44
      50.0  0.0905288       50.0    45         45
     100.0  0.0945522      100.0    46         46
     100.0     0.0365      100.0    47         47
     100.0  0.0122309      100.0    48         48
     100.0  0.0469723      100.0    49         49
     100.0  0.0299207      100.0    50         50
     100.0  0.0042195      100.0    51         51
     100.0   0.036218      100.0    52         52
     100.0  0.1937341      100.0    53         53
     100.0    0.04385      100.0    54         54
     100.0  0.0294428      100.0    55         55
     200.0  0.0017464      200.0    56         56
    1000.0  0.0013939     1000.0    57         57
    1000.0  0.0011607     1000.0    58         58
    1000.0  0.0013581     1000.0    59         59
    1000.0  0.0018414     1000.0    60         60
       1.0  0.0128077        1.0     0          0
       1.0  0.0180801        1.0     1          1
       1.0   0.028401        1.0     2          2
       1.0   0.005065        1.0     3          3
       2.0  0.0217783        2.0     4          4
       2.0  0.0771402        2.0     5          5
       5.0  0.1159335        5.0     6          6
       5.0  0.0035911        5.0     7          7
      10.0  0.0322036       10.0     8          8
      10.0   0.096266       10.0     9          9
      10.0  0.2693495       10.0    10         10
      10.0  0.1659502       10.0    11         11
      10.0  0.1871949       10.0    12         12
      10.0  0.9298965       10.0    13         13
      10.0  0.0813728       10.0    14         14
      10.0  0.2301526       10.0    15         15
      10.0  0.1923905       10.0    16         16
      10.0  0.0235342       10.0    17         17
      10.0   0.062231       10.0    18         18
      10.0  0.3004994       10.0    19         19
      10.0  0.0896557       10.0    20         20
      10.0  0.0441283       10.0    21         21
      10.0  0.1997117       10.0    22         22
      10.0  0.0928636       10.0    23         23
      10.0  0.1132346       10.0    24         24
      10.0   0.011977       10.0    25         25
      20.0  0.0239611       20.0    26         26
      20.0  0.2657762       20.0    27         27
      20.0  0.1087832       20.0    28         28
      20.0   0.005032       20.0    29         29
      20.0  0.0792918       20.0    30         30
      20.0  0.0226571       20.0    31         31
      20.0  0.0876633       20.0    32         32
      20.0  0.0100378       20.0    33         33
      20.0  0.1019753       20.0    34         34
      20.0  0.0223412       20.0    35         35
      20.0  0.0570375       20.0    36         36
      20.0  0.0061347       20.0    37         37
      20.0  0.0205839       20.0    38         38
      50.0  0.0107339       50.0    39         39
      50.0  0.0288407       50.0    40         40
      50.0   0.145817       50.0    41         41
      50.0  0.1386197       50.0    42         42
      50.0  0.3793395       50.0    43         43
     100.0  0.0271969      100.0    44         44
     100.0   0.038689      100.0    45         45
     100.0  0.0343187      100.0    46         46
     100.0  0.0019187      100.0    47         47
     100.0  0.0135033      100.0    48         48
     100.0  0.0452495      100.0    49         49
     100.0  0.0026465      100.0    50         50
     100.0  0.0373129      100.0    51         51
     100.0   0.005665      100.0    52         52
     100.0  0.0276147      100.0    53         53
    1000.0   0.000942     1000.0    54         54
    1000.0  0.0017267     1000.0    55         55
