 907.0   2.402  907.0 0 1 0.000000 0.000000 0.000000
 135.0   0.587  135.0 0 1 0.000000 0.000000 0.000000
 915.0  71.187  915.0 0 1 0.000000 0.000000 0.000000
 636.0  16.580  636.0 0 1 0.000000 0.000000 0.000000
 106.0  23.617  106.0 0 1 0.000000 0.000000 0.000000
 285.0  25.800  285.0 0 1 0.000000 0.000000 0.000000
 551.0   5.988  551.0 0 1 0.000000 0.000000 0.000000
 958.0  38.435  958.0 0 1 0.000000 0.000000 0.000000
 966.0  12.710  966.0 0 1 0.000000 0.000000 0.000000
 166.0  51.735  166.0 0 1 0.000000 0.000000 0.000000
