1000.0  17.941 1000.0 0 1 0.000000 0.000000 0.000000
   2.0   0.004    2.0 0 1 0.000000 0.000000 0.000000
1000.0   5.386 1000.0 0 1 0.000000 0.000000 0.000000
 100.0   0.103  100.0 0 1 0.000000 0.000000 0.000000
   1.0   0.011    1.0 0 1 0.000000 0.000000 0.000000
   5.0   0.406    5.0 0 1 0.000000 0.000000 0.000000
  50.0   0.183   50.0 0 1 0.000000 0.000000 0.000000
1000.0   1.724 1000.0 0 1 0.000000 0.000000 0.000000
1000.0  10.998 1000.0 0 1 0.000000 0.000000 0.000000
   2.0   0.018    2.0 0 1 0.000000 0.000000 0.000000
1000.0  11.155 1000.0 0 1 0.000000 0.000000 0.000000
1000.0  38.801 1000.0 0 1 0.000000 0.000000 0.000000
  20.0   0.404   20.0 0 1 0.000000 0.000000 0.000000
 500.0  35.558  500.0 0 1 0.000000 0.000000 0.000000
   2.0   0.029    2.0 0 1 0.000000 0.000000 0.000000
   1.0   0.008    1.0 0 1 0.000000 0.000000 0.000000
   1.0   0.007    1.0 0 1 0.000000 0.000000 0.000000
 500.0  16.997  500.0 0 1 0.000000 0.000000 0.000000
 100.0   1.035  100.0 0 1 0.000000 0.000000 0.000000
  10.0   0.120   10.0 0 1 0.000000 0.000000 0.000000
1000.0  50.780 1000.0 0 1 0.000000 0.000000 0.000000
   1.0   0.053    1.0 0 1 0.000000 0.000000 0.000000
  20.0   0.330   20.0 0 1 0.000000 0.000000 0.000000
  10.0   0.011   10.0 0 1 0.000000 0.000000 0.000000
 200.0   6.067  200.0 0 1 0.000000 0.000000 0.000000
 200.0   3.162  200.0 0 1 0.000000 0.000000 0.000000
   2.0   0.087    2.0 0 1 0.000000 0.000000 0.000000
  20.0   0.178   20.0 0 1 0.000000 0.000000 0.000000
  20.0   0.865   20.0 0 1 0.000000 0.000000 0.000000
 100.0   1.481  100.0 0 1 0.000000 0.000000 0.000000
1000.0  28.772 1000.0 0 1 0.000000 0.000000 0.000000
  50.0   0.263   50.0 0 1 0.000000 0.000000 0.000000
   2.0   0.032    2.0 0 1 0.000000 0.000000 0.000000
   2.0   0.037    2.0 0 1 0.000000 0.000000 0.000000
   5.0   0.014    5.0 0 1 0.000000 0.000000 0.000000
 500.0  21.343  500.0 0 1 0.000000 0.000000 0.000000
   5.0   0.049    5.0 0 1 0.000000 0.000000 0.000000
 500.0   5.466  500.0 0 1 0.000000 0.000000 0.000000
   5.0   0.197    5.0 0 1 0.000000 0.000000 0.000000
1000.0  24.161 1000.0 0 1 0.000000 0.000000 0.000000
  10.0   0.958   10.0 0 1 0.000000 0.000000 0.000000
   2.0   0.132    2.0 0 1 0.000000 0.000000 0.000000
   5.0   0.054    5.0 0 1 0.000000 0.000000 0.000000
 100.0   0.643  100.0 0 1 0.000000 0.000000 0.000000
  20.0   0.454   20.0 0 1 0.000000 0.000000 0.000000
  20.0   0.899   20.0 0 1 0.000000 0.000000 0.000000
   1.0   0.003    1.0 0 1 0.000000 0.000000 0.000000
  10.0   0.584   10.0 0 1 0.000000 0.000000 0.000000
   2.0   0.012    2.0 0 1 0.000000 0.000000 0.000000
 200.0   4.058  200.0 0 1 0.000000 0.000000 0.000000
  10.0   0.001   10.0 0 1 0.000000 0.000000 0.000000
  50.0   4.331   50.0 0 1 0.000000 0.000000 0.000000
   2.0   0.051    2.0 0 1 0.000000 0.000000 0.000000
 100.0   6.398  100.0 0 1 0.000000 0.000000 0.000000
   5.0   0.005    5.0 0 1 0.000000 0.000000 0.000000
 100.0  10.378  100.0 0 1 0.000000 0.000000 0.000000
 100.0   0.299  100.0 0 1 0.000000 0.000000 0.000000
 200.0   0.646  200.0 0 1 0.000000 0.000000 0.000000
  20.0   0.080   20.0 0 1 0.000000 0.000000 0.000000
   1.0   0.026    1.0 0 1 0.000000 0.000000 0.000000
 500.0  15.763  500.0 0 1 0.000000 0.000000 0.000000
  20.0   1.685   20.0 0 1 0.000000 0.000000 0.000000
1000.0  43.091 1000.0 0 1 0.000000 0.000000 0.000000
   2.0   0.118    2.0 0 1 0.000000 0.000000 0.000000
   5.0   0.220    5.0 0 1 0.000000 0.000000 0.000000
   2.0   0.070    2.0 0 1 0.000000 0.000000 0.000000
   2.0   0.042    2.0 0 1 0.000000 0.000000 0.000000
 500.0  31.767  500.0 0 1 0.000000 0.000000 0.000000
  50.0   0.100   50.0 0 1 0.000000 0.000000 0.000000
  50.0   0.066   50.0 0 1 0.000000 0.000000 0.000000
   2.0   0.038    2.0 0 1 0.000000 0.000000 0.000000
 500.0  10.230  500.0 0 1 0.000000 0.000000 0.000000
 100.0   3.185  100.0 0 1 0.000000 0.000000 0.000000
  10.0   0.044   10.0 0 1 0.000000 0.000000 0.000000
  50.0   1.989   50.0 0 1 0.000000 0.000000 0.000000
  10.0   0.167   10.0 0 1 0.000000 0.000000 0.000000
   5.0   0.063    5.0 0 1 0.000000 0.000000 0.000000
  20.0   0.370   20.0 0 1 0.000000 0.000000 0.000000
   1.0   0.035    1.0 0 1 0.000000 0.000000 0.000000
   2.0   0.055    2.0 0 1 0.000000 0.000000 0.000000
1000.0  55.584 1000.0 0 1 0.000000 0.000000 0.000000
1000.0  13.896 1000.0 0 1 0.000000 0.000000 0.000000
  50.0   3.921   50.0 0 1 0.000000 0.000000 0.000000
   1.0   0.018    1.0 0 1 0.000000 0.000000 0.000000
   5.0   0.394    5.0 0 1 0.000000 0.000000 0.000000
  10.0   0.431   10.0 0 1 0.000000 0.000000 0.000000
 500.0  11.009  500.0 0 1 0.000000 0.000000 0.000000
   1.0   0.015    1.0 0 1 0.000000 0.000000 0.000000
   1.0   0.106    1.0 0 1 0.000000 0.000000 0.000000
   2.0   0.019    2.0 0 1 0.000000 0.000000 0.000000
  20.0   0.400   20.0 0 1 0.000000 0.000000 0.000000
  20.0   0.466   20.0 0 1 0.000000 0.000000 0.000000
  10.0   0.683   10.0 0 1 0.000000 0.000000 0.000000
  50.0   2.524   50.0 0 1 0.000000 0.000000 0.000000
  50.0   1.588   50.0 0 1 0.000000 0.000000 0.000000
 500.0  30.556  500.0 0 1 0.000000 0.000000 0.000000
 200.0   1.445  200.0 0 1 0.000000 0.000000 0.000000
 100.0   7.041  100.0 0 1 0.000000 0.000000 0.000000
  10.0   0.587   10.0 0 1 0.000000 0.000000 0.000000
 500.0  31.077  500.0 0 1 0.000000 0.000000 0.000000
  50.0   2.266   50.0 0 1 0.000000 0.000000 0.000000
  10.0   0.245   10.0 0 1 0.000000 0.000000 0.000000
1000.0  33.938 1000.0 0 1 0.000000 0.000000 0.000000
 500.0   1.640  500.0 0 1 0.000000 0.000000 0.000000
  50.0   1.976   50.0 0 1 0.000000 0.000000 0.000000
1000.0 104.706 1000.0 0 1 0.000000 0.000000 0.000000
  20.0   1.066   20.0 0 1 0.000000 0.000000 0.000000
   2.0   0.018    2.0 0 1 0.000000 0.000000 0.000000
   5.0   0.663    5.0 0 1 0.000000 0.000000 0.000000
  20.0   0.052   20.0 0 1 0.000000 0.000000 0.000000
  50.0   0.597   50.0 0 1 0.000000 0.000000 0.000000
   5.0   0.144    5.0 0 1 0.000000 0.000000 0.000000
 100.0   2.309  100.0 0 1 0.000000 0.000000 0.000000
 200.0  12.106  200.0 0 1 0.000000 0.000000 0.000000
   5.0   0.161    5.0 0 1 0.000000 0.000000 0.000000
   2.0   0.004    2.0 0 1 0.000000 0.000000 0.000000
   5.0   0.173    5.0 0 1 0.000000 0.000000 0.000000
  10.0   0.431   10.0 0 1 0.000000 0.000000 0.000000
  20.0   1.718   20.0 0 1 0.000000 0.000000 0.000000
  50.0   1.295   50.0 0 1 0.000000 0.000000 0.000000
  10.0   0.344   10.0 0 1 0.000000 0.000000 0.000000
  10.0   0.127   10.0 0 1 0.000000 0.000000 0.000000
1000.0  17.999 1000.0 0 1 0.000000 0.000000 0.000000
   1.0   0.006    1.0 0 1 0.000000 0.000000 0.000000
 500.0   3.612  500.0 0 1 0.000000 0.000000 0.000000
1000.0  71.315 1000.0 0 1 0.000000 0.000000 0.000000
 200.0   4.826  200.0 0 1 0.000000 0.000000 0.000000
   1.0   0.109    1.0 0 1 0.000000 0.000000 0.000000
   5.0   0.921    5.0 0 1 0.000000 0.000000 0.000000
  10.0   0.134   10.0 0 1 0.000000 0.000000 0.000000
 100.0   3.502  100.0 0 1 0.000000 0.000000 0.000000
   2.0   0.080    2.0 0 1 0.000000 0.000000 0.000000
 200.0   1.415  200.0 0 1 0.000000 0.000000 0.000000
   2.0   0.108    2.0 0 1 0.000000 0.000000 0.000000
 100.0   8.407  100.0 0 1 0.000000 0.000000 0.000000
  50.0   1.703   50.0 0 1 0.000000 0.000000 0.000000
   2.0   0.235    2.0 0 1 0.000000 0.000000 0.000000
   5.0   0.050    5.0 0 1 0.000000 0.000000 0.000000
 500.0   5.338  500.0 0 1 0.000000 0.000000 0.000000
   1.0   0.018    1.0 0 1 0.000000 0.000000 0.000000
  20.0   2.126   20.0 0 1 0.000000 0.000000 0.000000
   2.0   0.046    2.0 0 1 0.000000 0.000000 0.000000
1000.0  38.489 1000.0 0 1 0.000000 0.000000 0.000000
 200.0   0.357  200.0 0 1 0.000000 0.000000 0.000000
  50.0   1.614   50.0 0 1 0.000000 0.000000 0.000000
  20.0   0.387   20.0 0 1 0.000000 0.000000 0.000000
   1.0   0.078    1.0 0 1 0.000000 0.000000 0.000000
 100.0   8.893  100.0 0 1 0.000000 0.000000 0.000000
   1.0   0.030    1.0 0 1 0.000000 0.000000 0.000000
   1.0   0.141    1.0 0 1 0.000000 0.000000 0.000000
  10.0   0.545   10.0 0 1 0.000000 0.000000 0.000000
 500.0  43.645  500.0 0 1 0.000000 0.000000 0.000000
 500.0  19.010  500.0 0 1 0.000000 0.000000 0.000000
   1.0   0.058    1.0 0 1 0.000000 0.000000 0.000000
  10.0   0.028   10.0 0 1 0.000000 0.000000 0.000000
  50.0   0.257   50.0 0 1 0.000000 0.000000 0.000000
  20.0   3.413   20.0 0 1 0.000000 0.000000 0.000000
 100.0   1.630  100.0 0 1 0.000000 0.000000 0.000000
 100.0   7.218  100.0 0 1 0.000000 0.000000 0.000000
   5.0   0.233    5.0 0 1 0.000000 0.000000 0.000000
  20.0   0.694   20.0 0 1 0.000000 0.000000 0.000000
   1.0   0.004    1.0 0 1 0.000000 0.000000 0.000000
1000.0  74.133 1000.0 0 1 0.000000 0.000000 0.000000
   2.0   0.005    2.0 0 1 0.000000 0.000000 0.000000
   2.0   0.266    2.0 0 1 0.000000 0.000000 0.000000
  50.0   5.275   50.0 0 1 0.000000 0.000000 0.000000
 100.0   0.888  100.0 0 1 0.000000 0.000000 0.000000
 100.0   2.642  100.0 0 1 0.000000 0.000000 0.000000
   2.0   0.121    2.0 0 1 0.000000 0.000000 0.000000
   2.0   0.198    2.0 0 1 0.000000 0.000000 0.000000
1000.0  49.447 1000.0 0 1 0.000000 0.000000 0.000000
   2.0   0.087    2.0 0 1 0.000000 0.000000 0.000000
   1.0   0.119    1.0 0 1 0.000000 0.000000 0.000000
  50.0   1.423   50.0 0 1 0.000000 0.000000 0.000000
 500.0  39.758  500.0 0 1 0.000000 0.000000 0.000000
 100.0   4.881  100.0 0 1 0.000000 0.000000 0.000000
   2.0   0.060    2.0 0 1 0.000000 0.000000 0.000000
  10.0   0.753   10.0 0 1 0.000000 0.000000 0.000000
  20.0   1.076   20.0 0 1 0.000000 0.000000 0.000000
1000.0  22.023 1000.0 0 1 0.000000 0.000000 0.000000
1000.0  53.661 1000.0 0 1 0.000000 0.000000 0.000000
 200.0  28.123  200.0 0 1 0.000000 0.000000 0.000000
  10.0   0.296   10.0 0 1 0.000000 0.000000 0.000000
  50.0   2.237   50.0 0 1 0.000000 0.000000 0.000000
   2.0   0.045    2.0 0 1 0.000000 0.000000 0.000000
1000.0  23.672 1000.0 0 1 0.000000 0.000000 0.000000
 500.0  15.958  500.0 0 1 0.000000 0.000000 0.000000
 500.0 106.284  500.0 0 1 0.000000 0.000000 0.000000
   5.0   0.613    5.0 0 1 0.000000 0.000000 0.000000
  50.0   2.225   50.0 0 1 0.000000 0.000000 0.000000
   1.0   0.025    1.0 0 1 0.000000 0.000000 0.000000
  20.0   0.391   20.0 0 1 0.000000 0.000000 0.000000
  10.0   0.465   10.0 0 1 0.000000 0.000000 0.000000
   2.0   0.030    2.0 0 1 0.000000 0.000000 0.000000
   2.0   0.135    2.0 0 1 0.000000 0.000000 0.000000
