15 0.299899 0.299899
15 0.300154 0.300154
15 0.300149 0.300149
15 0.299871 0.299871
15 0.299469 0.299469
15 0.300122 0.300122
15 0.299792 0.299792
15 0.299565 0.299565
15 0.300167 0.300167
15 0.300431 0.300431
15 0.300273 0.300273
15 0.300429 0.300429
15 0.299456 0.299456
15 0.300037 0.300037
15 0.299557 0.299557
15 0.299094 0.299094
15 0.300249 0.300249
15 0.299609 0.299609
15 0.299629 0.299629
15 0.300563 0.300563
15 0.300413 0.300413
15 0.300134 0.300134
15 0.299786 0.299786
15 0.300386 0.300386
15 0.300293 0.300293
15 0.299753 0.299753
15 0.299915 0.299915
15 0.299941 0.299941
15 0.299460 0.299460
15 0.299230 0.299230
15 0.298863 0.298863
15 0.300587 0.300587
15 0.300381 0.300381
15 0.300260 0.300260
15 0.299608 0.299608
15 0.299809 0.299809
15 0.300078 0.300078
15 0.300524 0.300524
15 0.300163 0.300163
15 0.300837 0.300837
15 0.299904 0.299904
15 0.299825 0.299825
15 0.300052 0.300052
15 0.299337 0.299337
15 0.299616 0.299616
15 0.299981 0.299981
15 0.299983 0.299983
15 0.300081 0.300081
15 0.300414 0.300414
15 0.300132 0.300132
15 0.299824 0.299824
15 0.300575 0.300575
15 0.300191 0.300191
15 0.300055 0.300055
15 0.300211 0.300211
15 0.300277 0.300277
15 0.299555 0.299555
15 0.299749 0.299749
15 0.300060 0.300060
15 0.300658 0.300658
15 0.299839 0.299839
15 0.299814 0.299814
15 0.299675 0.299675
15 0.300368 0.300368
15 0.299769 0.299769
15 0.299926 0.299926
15 0.300226 0.300226
15 0.298669 0.298669
15 0.299722 0.299722
15 0.299684 0.299684
15 0.299741 0.299741
15 0.300398 0.300398
15 0.300783 0.300783
15 0.299138 0.299138
15 0.299779 0.299779
15 0.300021 0.300021
15 0.300036 0.300036
15 0.299794 0.299794
15 0.300629 0.300629
15 0.299501 0.299501
15 0.299756 0.299756
15 0.300012 0.300012
15 0.300142 0.300142
15 0.300328 0.300328
15 0.300236 0.300236
15 0.299315 0.299315
15 0.299813 0.299813
15 0.299704 0.299704
15 0.300497 0.300497
15 0.299597 0.299597
15 0.300596 0.300596
15 0.300059 0.300059
15 0.300581 0.300581
15 0.298958 0.298958
15 0.299010 0.299010
15 0.300022 0.300022
15 0.300582 0.300582
15 0.299685 0.299685
15 0.300013 0.300013
15 0.300210 0.300210
15 0.349044 0.349044
15 0.349864 0.349864
15 0.349878 0.349878
15 0.349913 0.349913
15 0.349754 0.349754
15 0.350193 0.350193
15 0.349974 0.349974
15 0.349620 0.349620
15 0.350898 0.350898
15 0.349691 0.349691
15 0.349444 0.349444
15 0.349995 0.349995
15 0.350496 0.350496
15 0.350641 0.350641
15 0.349958 0.349958
15 0.349882 0.349882
15 0.350239 0.350239
15 0.349613 0.349613
15 0.350155 0.350155
15 0.350126 0.350126
15 0.350617 0.350617
15 0.350036 0.350036
15 0.349276 0.349276
15 0.349614 0.349614
15 0.349841 0.349841
15 0.349521 0.349521
15 0.350404 0.350404
15 0.349808 0.349808
15 0.349914 0.349914
15 0.349655 0.349655
15 0.349723 0.349723
15 0.349526 0.349526
15 0.350028 0.350028
15 0.350068 0.350068
15 0.349845 0.349845
15 0.349770 0.349770
15 0.351102 0.351102
15 0.350318 0.350318
15 0.349937 0.349937
15 0.349992 0.349992
15 0.349903 0.349903
15 0.350210 0.350210
15 0.349944 0.349944
15 0.349785 0.349785
15 0.350117 0.350117
15 0.349921 0.349921
15 0.350514 0.350514
15 0.349704 0.349704
15 0.350258 0.350258
15 0.350123 0.350123
15 0.349844 0.349844
15 0.349741 0.349741
15 0.349899 0.349899
15 0.350115 0.350115
15 0.350015 0.350015
15 0.349332 0.349332
15 0.349988 0.349988
15 0.349927 0.349927
15 0.349956 0.349956
15 0.349836 0.349836
15 0.350411 0.350411
15 0.349941 0.349941
15 0.349823 0.349823
15 0.350404 0.350404
15 0.350098 0.350098
15 0.350196 0.350196
15 0.350029 0.350029
15 0.350274 0.350274
15 0.349669 0.349669
15 0.349938 0.349938
15 0.350415 0.350415
15 0.350150 0.350150
15 0.349249 0.349249
15 0.349883 0.349883
15 0.349811 0.349811
15 0.349562 0.349562
15 0.349481 0.349481
15 0.349635 0.349635
15 0.350445 0.350445
15 0.349808 0.349808
15 0.350194 0.350194
15 0.350630 0.350630
15 0.349999 0.349999
15 0.350510 0.350510
15 0.350251 0.350251
15 0.350398 0.350398
15 0.350212 0.350212
15 0.349640 0.349640
15 0.349770 0.349770
15 0.349774 0.349774
15 0.349811 0.349811
15 0.350061 0.350061
15 0.350747 0.350747
15 0.349894 0.349894
15 0.350534 0.350534
15 0.350443 0.350443
15 0.349831 0.349831
15 0.349792 0.349792
15 0.349884 0.349884
15 0.349752 0.349752
15 0.399849 0.399849
15 0.400741 0.400741
15 0.399850 0.399850
15 0.400168 0.400168
15 0.399971 0.399971
15 0.399396 0.399396
15 0.399920 0.399920
15 0.399911 0.399911
15 0.400226 0.400226
15 0.399369 0.399369
15 0.399682 0.399682
15 0.400222 0.400222
15 0.399810 0.399810
15 0.400361 0.400361
15 0.400378 0.400378
15 0.399723 0.399723
15 0.399880 0.399880
15 0.400351 0.400351
15 0.399733 0.399733
15 0.400018 0.400018
15 0.399795 0.399795
15 0.400274 0.400274
15 0.400613 0.400613
15 0.400052 0.400052
15 0.399875 0.399875
15 0.399984 0.399984
15 0.399554 0.399554
15 0.400654 0.400654
15 0.400052 0.400052
15 0.399970 0.399970
15 0.400067 0.400067
15 0.400028 0.400028
15 0.400309 0.400309
15 0.400631 0.400631
15 0.399659 0.399659
15 0.400188 0.400188
15 0.400226 0.400226
15 0.400311 0.400311
15 0.399854 0.399854
15 0.399448 0.399448
15 0.399612 0.399612
15 0.399634 0.399634
15 0.401140 0.401140
15 0.399997 0.399997
15 0.399990 0.399990
15 0.399628 0.399628
15 0.400166 0.400166
15 0.399752 0.399752
15 0.399478 0.399478
15 0.399982 0.399982
15 0.398944 0.398944
15 0.399984 0.399984
15 0.400518 0.400518
15 0.400086 0.400086
15 0.399915 0.399915
15 0.400176 0.400176
15 0.400093 0.400093
15 0.399965 0.399965
15 0.399928 0.399928
15 0.400303 0.400303
15 0.399480 0.399480
15 0.400265 0.400265
15 0.400669 0.400669
15 0.400107 0.400107
15 0.400680 0.400680
15 0.399969 0.399969
15 0.400098 0.400098
15 0.399730 0.399730
15 0.399835 0.399835
15 0.399769 0.399769
15 0.400045 0.400045
15 0.399920 0.399920
15 0.399122 0.399122
15 0.399892 0.399892
15 0.400111 0.400111
15 0.400171 0.400171
15 0.399918 0.399918
15 0.400059 0.400059
15 0.400487 0.400487
15 0.400725 0.400725
15 0.400266 0.400266
15 0.399971 0.399971
15 0.399887 0.399887
15 0.400456 0.400456
15 0.399689 0.399689
15 0.400241 0.400241
15 0.400406 0.400406
15 0.399730 0.399730
15 0.399978 0.399978
15 0.399527 0.399527
15 0.400048 0.400048
15 0.399609 0.399609
15 0.399313 0.399313
15 0.399857 0.399857
15 0.400038 0.400038
15 0.400439 0.400439
15 0.398859 0.398859
15 0.400385 0.400385
15 0.401123 0.401123
15 0.400405 0.400405
15 0.450161 0.450161
15 0.450604 0.450604
15 0.449074 0.449074
15 0.449576 0.449576
15 0.450166 0.450166
15 0.449877 0.449877
15 0.450770 0.450770
15 0.449481 0.449481
15 0.449822 0.449822
15 0.450057 0.450057
15 0.449346 0.449346
15 0.449917 0.449917
15 0.449478 0.449478
15 0.450000 0.450000
15 0.450018 0.450018
15 0.450319 0.450319
15 0.449760 0.449760
15 0.450402 0.450402
15 0.449912 0.449912
15 0.449941 0.449941
15 0.450525 0.450525
15 0.450142 0.450142
15 0.449881 0.449881
15 0.449343 0.449343
15 0.449528 0.449528
15 0.450030 0.450030
15 0.450240 0.450240
15 0.450244 0.450244
15 0.450232 0.450232
15 0.450000 0.450000
15 0.450075 0.450075
15 0.449764 0.449764
15 0.449940 0.449940
15 0.449831 0.449831
15 0.449570 0.449570
15 0.449661 0.449661
15 0.450239 0.450239
15 0.450528 0.450528
15 0.449960 0.449960
15 0.450030 0.450030
15 0.449998 0.449998
15 0.449530 0.449530
15 0.449868 0.449868
15 0.450546 0.450546
15 0.450376 0.450376
15 0.449842 0.449842
15 0.450484 0.450484
15 0.450550 0.450550
15 0.449877 0.449877
15 0.449878 0.449878
15 0.449963 0.449963
15 0.450148 0.450148
15 0.450726 0.450726
15 0.450445 0.450445
15 0.450210 0.450210
15 0.449870 0.449870
15 0.449865 0.449865
15 0.448908 0.448908
15 0.449854 0.449854
15 0.450211 0.450211
15 0.449391 0.449391
15 0.450358 0.450358
15 0.450664 0.450664
15 0.450026 0.450026
15 0.448746 0.448746
15 0.449980 0.449980
15 0.449906 0.449906
15 0.449905 0.449905
15 0.449837 0.449837
15 0.450259 0.450259
15 0.450475 0.450475
15 0.450044 0.450044
15 0.449460 0.449460
15 0.450439 0.450439
15 0.450005 0.450005
15 0.449392 0.449392
15 0.450171 0.450171
15 0.450318 0.450318
15 0.449632 0.449632
15 0.449951 0.449951
15 0.449496 0.449496
15 0.449561 0.449561
15 0.450461 0.450461
15 0.450234 0.450234
15 0.450047 0.450047
15 0.450468 0.450468
15 0.450165 0.450165
15 0.449941 0.449941
15 0.449529 0.449529
15 0.450245 0.450245
15 0.450710 0.450710
15 0.449859 0.449859
15 0.449613 0.449613
15 0.449726 0.449726
15 0.449622 0.449622
15 0.450626 0.450626
15 0.449816 0.449816
15 0.449696 0.449696
15 0.449712 0.449712
15 0.450419 0.450419
15 0.499728 0.499728
15 0.499636 0.499636
15 0.499557 0.499557
15 0.500726 0.500726
15 0.499987 0.499987
15 0.500616 0.500616
15 0.500696 0.500696
15 0.500343 0.500343
15 0.500570 0.500570
15 0.499752 0.499752
15 0.499529 0.499529
15 0.500872 0.500872
15 0.500171 0.500171
15 0.500160 0.500160
15 0.499673 0.499673
15 0.500378 0.500378
15 0.498969 0.498969
15 0.500274 0.500274
15 0.499578 0.499578
15 0.499851 0.499851
15 0.500164 0.500164
15 0.499918 0.499918
15 0.499613 0.499613
15 0.500786 0.500786
15 0.499278 0.499278
15 0.499786 0.499786
15 0.500055 0.500055
15 0.500035 0.500035
15 0.500169 0.500169
15 0.499794 0.499794
15 0.499925 0.499925
15 0.499955 0.499955
15 0.499417 0.499417
15 0.499760 0.499760
15 0.500799 0.500799
15 0.499742 0.499742
15 0.500855 0.500855
15 0.499806 0.499806
15 0.499612 0.499612
15 0.499845 0.499845
15 0.499801 0.499801
15 0.499603 0.499603
15 0.499773 0.499773
15 0.499616 0.499616
15 0.499912 0.499912
15 0.499816 0.499816
15 0.500300 0.500300
15 0.499830 0.499830
15 0.499921 0.499921
15 0.499710 0.499710
15 0.499890 0.499890
15 0.500086 0.500086
15 0.499090 0.499090
15 0.499794 0.499794
15 0.499918 0.499918
15 0.500260 0.500260
15 0.499711 0.499711
15 0.499875 0.499875
15 0.500535 0.500535
15 0.499688 0.499688
15 0.500333 0.500333
15 0.499857 0.499857
15 0.500094 0.500094
15 0.499848 0.499848
15 0.500720 0.500720
15 0.499801 0.499801
15 0.500209 0.500209
15 0.499833 0.499833
15 0.499550 0.499550
15 0.499904 0.499904
15 0.499697 0.499697
15 0.499489 0.499489
15 0.499510 0.499510
15 0.499605 0.499605
15 0.500322 0.500322
15 0.500250 0.500250
15 0.500052 0.500052
15 0.499497 0.499497
15 0.499948 0.499948
15 0.499725 0.499725
15 0.499711 0.499711
15 0.499820 0.499820
15 0.499598 0.499598
15 0.499727 0.499727
15 0.500045 0.500045
15 0.500125 0.500125
15 0.499856 0.499856
15 0.499590 0.499590
15 0.500242 0.500242
15 0.499984 0.499984
15 0.500719 0.500719
15 0.499717 0.499717
15 0.500916 0.500916
15 0.500577 0.500577
15 0.500063 0.500063
15 0.500428 0.500428
15 0.500076 0.500076
15 0.499958 0.499958
15 0.499630 0.499630
15 0.500061 0.500061
15 0.549909 0.549909
15 0.549640 0.549640
15 0.549390 0.549390
15 0.550515 0.550515
15 0.549952 0.549952
15 0.550378 0.550378
15 0.549301 0.549301
15 0.549358 0.549358
15 0.549526 0.549526
15 0.550017 0.550017
15 0.549825 0.549825
15 0.550036 0.550036
15 0.549840 0.549840
15 0.550457 0.550457
15 0.550551 0.550551
15 0.550366 0.550366
15 0.550696 0.550696
15 0.548920 0.548920
15 0.550106 0.550106
15 0.550386 0.550386
15 0.549719 0.549719
15 0.549808 0.549808
15 0.550235 0.550235
15 0.549727 0.549727
15 0.551178 0.551178
15 0.550215 0.550215
15 0.550157 0.550157
15 0.550331 0.550331
15 0.549338 0.549338
15 0.550655 0.550655
15 0.550530 0.550530
15 0.549792 0.549792
15 0.549357 0.549357
15 0.549570 0.549570
15 0.549292 0.549292
15 0.549447 0.549447
15 0.549866 0.549866
15 0.549314 0.549314
15 0.549920 0.549920
15 0.549803 0.549803
15 0.549974 0.549974
15 0.550339 0.550339
15 0.550467 0.550467
15 0.549692 0.549692
15 0.549910 0.549910
15 0.550008 0.550008
15 0.549339 0.549339
15 0.549484 0.549484
15 0.549882 0.549882
15 0.550792 0.550792
15 0.549795 0.549795
15 0.549770 0.549770
15 0.550075 0.550075
15 0.550292 0.550292
15 0.550163 0.550163
15 0.550095 0.550095
15 0.549728 0.549728
15 0.550312 0.550312
15 0.549400 0.549400
15 0.550470 0.550470
15 0.550366 0.550366
15 0.550668 0.550668
15 0.549760 0.549760
15 0.550373 0.550373
15 0.550460 0.550460
15 0.549910 0.549910
15 0.550674 0.550674
15 0.551005 0.551005
15 0.550401 0.550401
15 0.549912 0.549912
15 0.550676 0.550676
15 0.549478 0.549478
15 0.549947 0.549947
15 0.550031 0.550031
15 0.550431 0.550431
15 0.550678 0.550678
15 0.549904 0.549904
15 0.550022 0.550022
15 0.549155 0.549155
15 0.551206 0.551206
15 0.549867 0.549867
15 0.549726 0.549726
15 0.549464 0.549464
15 0.549721 0.549721
15 0.550282 0.550282
15 0.550838 0.550838
15 0.550176 0.550176
15 0.550230 0.550230
15 0.550565 0.550565
15 0.549682 0.549682
15 0.550173 0.550173
15 0.550328 0.550328
15 0.550045 0.550045
15 0.550424 0.550424
15 0.550122 0.550122
15 0.549742 0.549742
15 0.549686 0.549686
15 0.550419 0.550419
15 0.550065 0.550065
15 0.550185 0.550185
15 0.599714 0.599714
15 0.600020 0.600020
15 0.599902 0.599902
15 0.599830 0.599830
15 0.600785 0.600785
15 0.600080 0.600080
15 0.599946 0.599946
15 0.600159 0.600159
15 0.600210 0.600210
15 0.600460 0.600460
15 0.599500 0.599500
15 0.600166 0.600166
15 0.599933 0.599933
15 0.600360 0.600360
15 0.600170 0.600170
15 0.600484 0.600484
15 0.600126 0.600126
15 0.600139 0.600139
15 0.599141 0.599141
15 0.599843 0.599843
15 0.599654 0.599654
15 0.599888 0.599888
15 0.600330 0.600330
15 0.600519 0.600519
15 0.600012 0.600012
15 0.600075 0.600075
15 0.600864 0.600864
15 0.599668 0.599668
15 0.600028 0.600028
15 0.600155 0.600155
15 0.599423 0.599423
15 0.600033 0.600033
15 0.599750 0.599750
15 0.600010 0.600010
15 0.599876 0.599876
15 0.599816 0.599816
15 0.600047 0.600047
15 0.599823 0.599823
15 0.600220 0.600220
15 0.600095 0.600095
15 0.599443 0.599443
15 0.599834 0.599834
15 0.599783 0.599783
15 0.600013 0.600013
15 0.600519 0.600519
15 0.600918 0.600918
15 0.599093 0.599093
15 0.600267 0.600267
15 0.599595 0.599595
15 0.599950 0.599950
15 0.600080 0.600080
15 0.600088 0.600088
15 0.599155 0.599155
15 0.599831 0.599831
15 0.600204 0.600204
15 0.599894 0.599894
15 0.599500 0.599500
15 0.599286 0.599286
15 0.600724 0.600724
15 0.600108 0.600108
15 0.598882 0.598882
15 0.599146 0.599146
15 0.599699 0.599699
15 0.599942 0.599942
15 0.600085 0.600085
15 0.598663 0.598663
15 0.599813 0.599813
15 0.600626 0.600626
15 0.600575 0.600575
15 0.600376 0.600376
15 0.600191 0.600191
15 0.600209 0.600209
15 0.600401 0.600401
15 0.600667 0.600667
15 0.599510 0.599510
15 0.599976 0.599976
15 0.599950 0.599950
15 0.599608 0.599608
15 0.600255 0.600255
15 0.599885 0.599885
15 0.600190 0.600190
15 0.599520 0.599520
15 0.600092 0.600092
15 0.599567 0.599567
15 0.599369 0.599369
15 0.600235 0.600235
15 0.600174 0.600174
15 0.599588 0.599588
15 0.600668 0.600668
15 0.600377 0.600377
15 0.600416 0.600416
15 0.599792 0.599792
15 0.599550 0.599550
15 0.600238 0.600238
15 0.600130 0.600130
15 0.600143 0.600143
15 0.599857 0.599857
15 0.599874 0.599874
15 0.600345 0.600345
15 0.600640 0.600640
15 0.649629 0.649629
15 0.649234 0.649234
15 0.650402 0.650402
15 0.649789 0.649789
15 0.650552 0.650552
15 0.650227 0.650227
15 0.650180 0.650180
15 0.650265 0.650265
15 0.649988 0.649988
15 0.649776 0.649776
15 0.650786 0.650786
15 0.650103 0.650103
15 0.649771 0.649771
15 0.650019 0.650019
15 0.650127 0.650127
15 0.649205 0.649205
15 0.649755 0.649755
15 0.649919 0.649919
15 0.650276 0.650276
15 0.650083 0.650083
15 0.649623 0.649623
15 0.649761 0.649761
15 0.649531 0.649531
15 0.649330 0.649330
15 0.650751 0.650751
15 0.649930 0.649930
15 0.650539 0.650539
15 0.650910 0.650910
15 0.650104 0.650104
15 0.650152 0.650152
15 0.650019 0.650019
15 0.649787 0.649787
15 0.650133 0.650133
15 0.649741 0.649741
15 0.649761 0.649761
15 0.649405 0.649405
15 0.649816 0.649816
15 0.650157 0.650157
15 0.649800 0.649800
15 0.649910 0.649910
15 0.649692 0.649692
15 0.650177 0.650177
15 0.650762 0.650762
15 0.650202 0.650202
15 0.650418 0.650418
15 0.650157 0.650157
15 0.649448 0.649448
15 0.649744 0.649744
15 0.650577 0.650577
15 0.649874 0.649874
15 0.649401 0.649401
15 0.649987 0.649987
15 0.650263 0.650263
15 0.650493 0.650493
15 0.649755 0.649755
15 0.649566 0.649566
15 0.649496 0.649496
15 0.649881 0.649881
15 0.649888 0.649888
15 0.649972 0.649972
15 0.649985 0.649985
15 0.650061 0.650061
15 0.649849 0.649849
15 0.649870 0.649870
15 0.648531 0.648531
15 0.649823 0.649823
15 0.650256 0.650256
15 0.650019 0.650019
15 0.650170 0.650170
15 0.649825 0.649825
15 0.650614 0.650614
15 0.649959 0.649959
15 0.650294 0.650294
15 0.649476 0.649476
15 0.650441 0.650441
15 0.649118 0.649118
15 0.650298 0.650298
15 0.649846 0.649846
15 0.649601 0.649601
15 0.649424 0.649424
15 0.650207 0.650207
15 0.650204 0.650204
15 0.650195 0.650195
15 0.650402 0.650402
15 0.649760 0.649760
15 0.650657 0.650657
15 0.649357 0.649357
15 0.649822 0.649822
15 0.650826 0.650826
15 0.650142 0.650142
15 0.649133 0.649133
15 0.649787 0.649787
15 0.650337 0.650337
15 0.649541 0.649541
15 0.650233 0.650233
15 0.650270 0.650270
15 0.650000 0.650000
15 0.649892 0.649892
15 0.649425 0.649425
15 0.650136 0.650136
15 0.700217 0.700217
15 0.700323 0.700323
15 0.700088 0.700088
15 0.699999 0.699999
15 0.700525 0.700525
15 0.699615 0.699615
15 0.699353 0.699353
15 0.698503 0.698503
15 0.700275 0.700275
15 0.699614 0.699614
15 0.699377 0.699377
15 0.700165 0.700165
15 0.700702 0.700702
15 0.700283 0.700283
15 0.700603 0.700603
15 0.699272 0.699272
15 0.699864 0.699864
15 0.699606 0.699606
15 0.700150 0.700150
15 0.700392 0.700392
15 0.699891 0.699891
15 0.699518 0.699518
15 0.699869 0.699869
15 0.700028 0.700028
15 0.699622 0.699622
15 0.699560 0.699560
15 0.699728 0.699728
15 0.700505 0.700505
15 0.700015 0.700015
15 0.700186 0.700186
15 0.700173 0.700173
15 0.699882 0.699882
15 0.700272 0.700272
15 0.699724 0.699724
15 0.699622 0.699622
15 0.699714 0.699714
15 0.700305 0.700305
15 0.700916 0.700916
15 0.699816 0.699816
15 0.700033 0.700033
15 0.700429 0.700429
15 0.699657 0.699657
15 0.700028 0.700028
15 0.699570 0.699570
15 0.699660 0.699660
15 0.699608 0.699608
15 0.699611 0.699611
15 0.700049 0.700049
15 0.699558 0.699558
15 0.699997 0.699997
15 0.699278 0.699278
15 0.700033 0.700033
15 0.699991 0.699991
15 0.699792 0.699792
15 0.700538 0.700538
15 0.699345 0.699345
15 0.700206 0.700206
15 0.700151 0.700151
15 0.700376 0.700376
15 0.699294 0.699294
15 0.699883 0.699883
15 0.700732 0.700732
15 0.699876 0.699876
15 0.700118 0.700118
15 0.700190 0.700190
15 0.700132 0.700132
15 0.699950 0.699950
15 0.699545 0.699545
15 0.700674 0.700674
15 0.699937 0.699937
15 0.699951 0.699951
15 0.699820 0.699820
15 0.700633 0.700633
15 0.700697 0.700697
15 0.700929 0.700929
15 0.700050 0.700050
15 0.700250 0.700250
15 0.700582 0.700582
15 0.700666 0.700666
15 0.700126 0.700126
15 0.700211 0.700211
15 0.699925 0.699925
15 0.700375 0.700375
15 0.699932 0.699932
15 0.700534 0.700534
15 0.699461 0.699461
15 0.699920 0.699920
15 0.700597 0.700597
15 0.700004 0.700004
15 0.700942 0.700942
15 0.699029 0.699029
15 0.700036 0.700036
15 0.699811 0.699811
15 0.700258 0.700258
15 0.700409 0.700409
15 0.700600 0.700600
15 0.699782 0.699782
15 0.699950 0.699950
15 0.700590 0.700590
15 0.700267 0.700267
15 0.749702 0.749702
15 0.749595 0.749595
15 0.749452 0.749452
15 0.750156 0.750156
15 0.749952 0.749952
15 0.749656 0.749656
15 0.750397 0.750397
15 0.749824 0.749824
15 0.750311 0.750311
15 0.749566 0.749566
15 0.749792 0.749792
15 0.750708 0.750708
15 0.749503 0.749503
15 0.749467 0.749467
15 0.750047 0.750047
15 0.750162 0.750162
15 0.749487 0.749487
15 0.749454 0.749454
15 0.750394 0.750394
15 0.750398 0.750398
15 0.749805 0.749805
15 0.749781 0.749781
15 0.750628 0.750628
15 0.749955 0.749955
15 0.749670 0.749670
15 0.750046 0.750046
15 0.750638 0.750638
15 0.749974 0.749974
15 0.749991 0.749991
15 0.750274 0.750274
15 0.750005 0.750005
15 0.749500 0.749500
15 0.749274 0.749274
15 0.749811 0.749811
15 0.750018 0.750018
15 0.750368 0.750368
15 0.749324 0.749324
15 0.750225 0.750225
15 0.750564 0.750564
15 0.750112 0.750112
15 0.750070 0.750070
15 0.751533 0.751533
15 0.750765 0.750765
15 0.749950 0.749950
15 0.750075 0.750075
15 0.749944 0.749944
15 0.750479 0.750479
15 0.749995 0.749995
15 0.750930 0.750930
15 0.750884 0.750884
15 0.750462 0.750462
15 0.750106 0.750106
15 0.750234 0.750234
15 0.750315 0.750315
15 0.750901 0.750901
15 0.749840 0.749840
15 0.749707 0.749707
15 0.749777 0.749777
15 0.750141 0.750141
15 0.750510 0.750510
15 0.750316 0.750316
15 0.750006 0.750006
15 0.749819 0.749819
15 0.750237 0.750237
15 0.749784 0.749784
15 0.749667 0.749667
15 0.749525 0.749525
15 0.749772 0.749772
15 0.750419 0.750419
15 0.750222 0.750222
15 0.750059 0.750059
15 0.750761 0.750761
15 0.750243 0.750243
15 0.750075 0.750075
15 0.750267 0.750267
15 0.749332 0.749332
15 0.750027 0.750027
15 0.750053 0.750053
15 0.749706 0.749706
15 0.749692 0.749692
15 0.750050 0.750050
15 0.749709 0.749709
15 0.749856 0.749856
15 0.750130 0.750130
15 0.749902 0.749902
15 0.749880 0.749880
15 0.750485 0.750485
15 0.750335 0.750335
15 0.750350 0.750350
15 0.749794 0.749794
15 0.750348 0.750348
15 0.749425 0.749425
15 0.750417 0.750417
15 0.749518 0.749518
15 0.749581 0.749581
15 0.749941 0.749941
15 0.749100 0.749100
15 0.749822 0.749822
15 0.750290 0.750290
15 0.750259 0.750259
15 0.799986 0.799986
15 0.800184 0.800184
15 0.799869 0.799869
15 0.800314 0.800314
15 0.799892 0.799892
15 0.799321 0.799321
15 0.800270 0.800270
15 0.799445 0.799445
15 0.800398 0.800398
15 0.800472 0.800472
15 0.800263 0.800263
15 0.799861 0.799861
15 0.800078 0.800078
15 0.800051 0.800051
15 0.799710 0.799710
15 0.799966 0.799966
15 0.799910 0.799910
15 0.800046 0.800046
15 0.800322 0.800322
15 0.800030 0.800030
15 0.799600 0.799600
15 0.800369 0.800369
15 0.800116 0.800116
15 0.799544 0.799544
15 0.799982 0.799982
15 0.799903 0.799903
15 0.800189 0.800189
15 0.799937 0.799937
15 0.799940 0.799940
15 0.800031 0.800031
15 0.799956 0.799956
15 0.800396 0.800396
15 0.800218 0.800218
15 0.800131 0.800131
15 0.799975 0.799975
15 0.800069 0.800069
15 0.801107 0.801107
15 0.799998 0.799998
15 0.799947 0.799947
15 0.800221 0.800221
15 0.799744 0.799744
15 0.799779 0.799779
15 0.799839 0.799839
15 0.801210 0.801210
15 0.800095 0.800095
15 0.800517 0.800517
15 0.799977 0.799977
15 0.799795 0.799795
15 0.799828 0.799828
15 0.799210 0.799210
15 0.799663 0.799663
15 0.799803 0.799803
15 0.800312 0.800312
15 0.800254 0.800254
15 0.799818 0.799818
15 0.799517 0.799517
15 0.799717 0.799717
15 0.800160 0.800160
15 0.800467 0.800467
15 0.800375 0.800375
15 0.799680 0.799680
15 0.800094 0.800094
15 0.799743 0.799743
15 0.799869 0.799869
15 0.799577 0.799577
15 0.800238 0.800238
15 0.799984 0.799984
15 0.799968 0.799968
15 0.800122 0.800122
15 0.799595 0.799595
15 0.799536 0.799536
15 0.800221 0.800221
15 0.799698 0.799698
15 0.799445 0.799445
15 0.799795 0.799795
15 0.800477 0.800477
15 0.800391 0.800391
15 0.800211 0.800211
15 0.800724 0.800724
15 0.800157 0.800157
15 0.799558 0.799558
15 0.800017 0.800017
15 0.800374 0.800374
15 0.799402 0.799402
15 0.800120 0.800120
15 0.800094 0.800094
15 0.799549 0.799549
15 0.799818 0.799818
15 0.800576 0.800576
15 0.800481 0.800481
15 0.800361 0.800361
15 0.799454 0.799454
15 0.800071 0.800071
15 0.800217 0.800217
15 0.800108 0.800108
15 0.799638 0.799638
15 0.800541 0.800541
15 0.800697 0.800697
15 0.800395 0.800395
15 0.800172 0.800172
15 0.850131 0.850131
15 0.849771 0.849771
15 0.849902 0.849902
15 0.850894 0.850894
15 0.850051 0.850051
15 0.850165 0.850165
15 0.849940 0.849940
15 0.850025 0.850025
15 0.850230 0.850230
15 0.849784 0.849784
15 0.850072 0.850072
15 0.850638 0.850638
15 0.850335 0.850335
15 0.850106 0.850106
15 0.850034 0.850034
15 0.850521 0.850521
15 0.849971 0.849971
15 0.849790 0.849790
15 0.850161 0.850161
15 0.849974 0.849974
15 0.849950 0.849950
15 0.850105 0.850105
15 0.850202 0.850202
15 0.850198 0.850198
15 0.849616 0.849616
15 0.850355 0.850355
15 0.850345 0.850345
15 0.849338 0.849338
15 0.849978 0.849978
15 0.849665 0.849665
15 0.850381 0.850381
15 0.849859 0.849859
15 0.850815 0.850815
15 0.849715 0.849715
15 0.849190 0.849190
15 0.849680 0.849680
15 0.849942 0.849942
15 0.850222 0.850222
15 0.849010 0.849010
15 0.849424 0.849424
15 0.850590 0.850590
15 0.850093 0.850093
15 0.850003 0.850003
15 0.850589 0.850589
15 0.849288 0.849288
15 0.850458 0.850458
15 0.850347 0.850347
15 0.848958 0.848958
15 0.850169 0.850169
15 0.849356 0.849356
15 0.849836 0.849836
15 0.849620 0.849620
15 0.850264 0.850264
15 0.850878 0.850878
15 0.850327 0.850327
15 0.849780 0.849780
15 0.849973 0.849973
15 0.849696 0.849696
15 0.850041 0.850041
15 0.849892 0.849892
15 0.849773 0.849773
15 0.850250 0.850250
15 0.849991 0.849991
15 0.849772 0.849772
15 0.850282 0.850282
15 0.850147 0.850147
15 0.849850 0.849850
15 0.850122 0.850122
15 0.850002 0.850002
15 0.850415 0.850415
15 0.850431 0.850431
15 0.850334 0.850334
15 0.849774 0.849774
15 0.850708 0.850708
15 0.849748 0.849748
15 0.849920 0.849920
15 0.849412 0.849412
15 0.849440 0.849440
15 0.849829 0.849829
15 0.850350 0.850350
15 0.850287 0.850287
15 0.850871 0.850871
15 0.850597 0.850597
15 0.849870 0.849870
15 0.849885 0.849885
15 0.849644 0.849644
15 0.849761 0.849761
15 0.850469 0.850469
15 0.849829 0.849829
15 0.850221 0.850221
15 0.850503 0.850503
15 0.849994 0.849994
15 0.849657 0.849657
15 0.850360 0.850360
15 0.850286 0.850286
15 0.849450 0.849450
15 0.850396 0.850396
15 0.849814 0.849814
15 0.849575 0.849575
15 0.850181 0.850181
15 0.898862 0.898862
15 0.899809 0.899809
15 0.900995 0.900995
15 0.899500 0.899500
15 0.899914 0.899914
15 0.900681 0.900681
15 0.899802 0.899802
15 0.900325 0.900325
15 0.901201 0.901201
15 0.899846 0.899846
15 0.900011 0.900011
15 0.900085 0.900085
15 0.900993 0.900993
15 0.899996 0.899996
15 0.899745 0.899745
15 0.899699 0.899699
15 0.900354 0.900354
15 0.899406 0.899406
15 0.900541 0.900541
15 0.900180 0.900180
15 0.899398 0.899398
15 0.899646 0.899646
15 0.900010 0.900010
15 0.899413 0.899413
15 0.899660 0.899660
15 0.899989 0.899989
15 0.899965 0.899965
15 0.900932 0.900932
15 0.900285 0.900285
15 0.899369 0.899369
15 0.900170 0.900170
15 0.899937 0.899937
15 0.900467 0.900467
15 0.899971 0.899971
15 0.899261 0.899261
15 0.899792 0.899792
15 0.900325 0.900325
15 0.900302 0.900302
15 0.899948 0.899948
15 0.900015 0.900015
15 0.899992 0.899992
15 0.900039 0.900039
15 0.899783 0.899783
15 0.899535 0.899535
15 0.900296 0.900296
15 0.900118 0.900118
15 0.900164 0.900164
15 0.899375 0.899375
15 0.899921 0.899921
15 0.900355 0.900355
15 0.900235 0.900235
15 0.899087 0.899087
15 0.899643 0.899643
15 0.899908 0.899908
15 0.900175 0.900175
15 0.900509 0.900509
15 0.899567 0.899567
15 0.900038 0.900038
15 0.900045 0.900045
15 0.900272 0.900272
15 0.899774 0.899774
15 0.899947 0.899947
15 0.899740 0.899740
15 0.899786 0.899786
15 0.900120 0.900120
15 0.899820 0.899820
15 0.900099 0.900099
15 0.899493 0.899493
15 0.900093 0.900093
15 0.900157 0.900157
15 0.900045 0.900045
15 0.900472 0.900472
15 0.900172 0.900172
15 0.900305 0.900305
15 0.899893 0.899893
15 0.900577 0.900577
15 0.900001 0.900001
15 0.899357 0.899357
15 0.900467 0.900467
15 0.900606 0.900606
15 0.900142 0.900142
15 0.900224 0.900224
15 0.900088 0.900088
15 0.899727 0.899727
15 0.899969 0.899969
15 0.900437 0.900437
15 0.899224 0.899224
15 0.900296 0.900296
15 0.900535 0.900535
15 0.899956 0.899956
15 0.900263 0.900263
15 0.899535 0.899535
15 0.899936 0.899936
15 0.900126 0.900126
15 0.899768 0.899768
15 0.900606 0.900606
15 0.899462 0.899462
15 0.900637 0.900637
15 0.900131 0.900131
15 0.899801 0.899801
