   1 1 0.746727
   2 1 0.751447
   3 1 0.794976
   4 1 0.665697
   5 1 0.649087
   6 1 0.639744
   7 1 0.623295
   8 1 0.619213
   9 1 0.695632
  10 1 0.662524
  11 1 0.755395
  12 1 0.741918
  13 1 0.612713
  14 1 0.758010
  15 1 0.738843
  16 1 0.745934
  17 1 0.764358
  18 1 0.621538
  19 1 0.680061
  20 1 0.772343
  21 1 0.729357
  22 1 0.777049
  23 1 0.716658
  24 1 0.706409
  25 1 0.644707
  26 1 0.752328
  27 1 0.755671
  28 1 0.800022
  29 1 0.689367
  30 1 0.765443
  31 1 0.799477
  32 1 0.684268
  33 1 0.794226
  34 1 0.726763
  35 1 0.651581
  36 1 0.716204
  37 1 0.739416
  38 1 0.630057
  39 1 0.754366
  40 1 0.798263
  41 1 0.638681
  42 1 0.683459
  43 1 0.722391
  44 1 0.793667
  45 1 0.753457
  46 1 0.692974
  47 1 0.718444
  48 1 0.676011
  49 1 0.676746
  50 1 0.606826
  51 1 0.660657
  52 1 0.633111
  53 1 0.680126
  54 1 0.745843
  55 1 0.624812
  56 1 0.687160
  57 1 0.640700
  58 1 0.629297
  59 1 0.793343
  60 1 0.692695
  61 1 0.642850
  62 1 0.638337
  63 1 0.677728
  64 1 0.705943
  65 1 0.705450
  66 1 0.606816
  67 1 0.665406
  68 1 0.733548
  69 1 0.605375
  70 1 0.698966
  71 1 0.663004
  72 1 0.719531
  73 1 0.747407
  74 1 0.675373
  75 1 0.693030
  76 1 0.624997
  77 1 0.609198
  78 1 0.748917
  79 1 0.664782
  80 1 0.788762
  81 1 0.687772
  82 1 0.636822
  83 1 0.678964
  84 1 0.651194
  85 1 0.739787
  86 1 0.613559
  87 1 0.604616
  88 1 0.601030
  89 1 0.650268
  90 1 0.705662
  91 1 0.741061
  92 1 0.662515
  93 1 0.727115
  94 1 0.609701
  95 1 0.722669
  96 1 0.681006
  97 1 0.748923
  98 1 0.741098
  99 1 0.691076
 100 1 0.652201
 101 1 0.639272
 102 1 0.771005
 103 1 0.658017
 104 1 0.605156
 105 1 0.703446
 106 1 0.750568
 107 1 0.783908
 108 1 0.709661
 109 1 0.658627
 110 1 0.772503
 111 1 0.758426
 112 1 0.723668
 113 1 0.720652
 114 1 0.616814
 115 1 0.744706
 116 1 0.793507
 117 1 0.694767
 118 1 0.708178
 119 1 0.675324
 120 1 0.629179
 121 1 0.639590
 122 1 0.676784
 123 1 0.743768
 124 1 0.672296
 125 1 0.779291
 126 1 0.784199
 127 1 0.786889
 128 1 0.725133
 129 1 0.787925
 130 1 0.695880
 131 1 0.608159
 132 1 0.659827
 133 1 0.606948
 134 1 0.712339
 135 1 0.632813
 136 1 0.738774
 137 1 0.677006
 138 1 0.696343
 139 1 0.735029
 140 1 0.766868
 141 1 0.694399
 142 1 0.685360
 143 1 0.650842
 144 1 0.683462
 145 1 0.657678
 146 1 0.690218
 147 1 0.650106
 148 1 0.669905
 149 1 0.614668
 150 1 0.717660
 151 1 0.674533
 152 1 0.774353
 153 1 0.613174
 154 1 0.644405
 155 1 0.601636
 156 1 0.610991
 157 1 0.797650
 158 1 0.668140
 159 1 0.647423
 160 1 0.713063
 161 1 0.636746
 162 1 0.689319
 163 1 0.766505
 164 1 0.613190
 165 1 0.775016
 166 1 0.761267
 167 1 0.603802
 168 1 0.715633
 169 1 0.628888
 170 1 0.651133
 171 1 0.743731
 172 1 0.603897
 173 1 0.697812
 174 1 0.653681
 175 1 0.660649
 176 1 0.676556
 177 1 0.623571
 178 1 0.744987
 179 1 0.729049
 180 1 0.692508
 181 1 0.695759
 182 1 0.689982
 183 1 0.663762
 184 1 0.665830
 185 1 0.763553
 186 1 0.775532
 187 1 0.796985
 188 1 0.665677
 189 1 0.661248
 190 1 0.647040
 191 1 0.742183
 192 1 0.624750
 193 1 0.640099
 194 1 0.704712
 195 1 0.601037
 196 1 0.638462
 197 1 0.789199
 198 1 0.649870
 199 1 0.701792
 200 1 0.680254
 201 1 0.786798
 202 1 0.752644
 203 1 0.757997
 204 1 0.733661
 205 1 0.776066
 206 1 0.716211
 207 1 0.736302
 208 1 0.775642
 209 1 0.651124
 210 1 0.625994
 211 1 0.722306
 212 1 0.638475
 213 1 0.602763
 214 1 0.795432
 215 1 0.725048
 216 1 0.693499
 217 1 0.603615
 218 1 0.777475
 219 1 0.630161
 220 1 0.664224
 221 1 0.640572
 222 1 0.691016
 223 1 0.727544
 224 1 0.729918
 225 1 0.773850
 226 1 0.691099
 227 1 0.641576
 228 1 0.611466
 229 1 0.667164
 230 1 0.776867
 231 1 0.727567
 232 1 0.724483
 233 1 0.673093
 234 1 0.698165
 235 1 0.791379
 236 1 0.619838
 237 1 0.687569
 238 1 0.725334
 239 1 0.750680
 240 1 0.768633
 241 1 0.743568
 242 1 0.608958
 243 1 0.616596
 244 1 0.777109
 245 1 0.732742
 246 1 0.692075
 247 1 0.707822
 248 1 0.709293
 249 1 0.765924
 250 1 0.733297
 251 1 0.627260
 252 1 0.799232
 253 1 0.780955
 254 1 0.731966
 255 1 0.739578
 256 1 0.640076
 257 1 0.645582
 258 1 0.674993
 259 1 0.702701
 260 1 0.695067
 261 1 0.781228
 262 1 0.794725
 263 1 0.770195
 264 1 0.660203
 265 1 0.669351
 266 1 0.766576
 267 1 0.667244
 268 1 0.629907
 269 1 0.627373
 270 1 0.668256
 271 1 0.642496
 272 1 0.680865
 273 1 0.797058
 274 1 0.754076
 275 1 0.680802
 276 1 0.612738
 277 1 0.754853
 278 1 0.789682
 279 1 0.680205
 280 1 0.754763
 281 1 0.686640
 282 1 0.722430
 283 1 0.758013
 284 1 0.667413
 285 1 0.750578
 286 1 0.785597
 287 1 0.646572
 288 1 0.782080
 289 1 0.785972
 290 1 0.674116
 291 1 0.684129
 292 1 0.650637
 293 1 0.789966
 294 1 0.655128
 295 1 0.730641
 296 1 0.649443
 297 1 0.721740
 298 1 0.663723
 299 1 0.604244
 300 1 0.624287
 301 1 0.772800
 302 1 0.719524
 303 1 0.617222
 304 1 0.743313
 305 1 0.761523
 306 1 0.664904
 307 1 0.655161
 308 1 0.695087
 309 1 0.684447
 310 1 0.674533
 311 1 0.688845
 312 1 0.606229
 313 1 0.677577
 314 1 0.716096
 315 1 0.678175
 316 1 0.679335
 317 1 0.656971
 318 1 0.647644
 319 1 0.693775
 320 1 0.636934
 321 1 0.639215
 322 1 0.648015
 323 1 0.612509
 324 1 0.652991
 325 1 0.719761
 326 1 0.734707
 327 1 0.765446
 328 1 0.768730
 329 1 0.743928
 330 1 0.744770
 331 1 0.753753
 332 1 0.614235
 333 1 0.692489
 334 1 0.607526
 335 1 0.632047
 336 1 0.750746
 337 1 0.614658
 338 1 0.712842
 339 1 0.705883
 340 1 0.645359
 341 1 0.743855
 342 1 0.745335
 343 1 0.758953
 344 1 0.661820
 345 1 0.704472
 346 1 0.683364
 347 1 0.790753
 348 1 0.641897
 349 1 0.604211
 350 1 0.668144
 351 1 0.757480
 352 1 0.777429
 353 1 0.620251
 354 1 0.663113
 355 1 0.792377
 356 1 0.712667
 357 1 0.761065
 358 1 0.685633
 359 1 0.708090
 360 1 0.707850
 361 1 0.761263
 362 1 0.688866
 363 1 0.760761
 364 1 0.619410
 365 1 0.724757
 366 1 0.683126
 367 1 0.610751
 368 1 0.607549
 369 1 0.698697
 370 1 0.722261
 371 1 0.613309
 372 1 0.626638
 373 1 0.732700
 374 1 0.780605
 375 1 0.609000
 376 1 0.660330
 377 1 0.638439
 378 1 0.770272
 379 1 0.654823
 380 1 0.639814
 381 1 0.796794
 382 1 0.619065
 383 1 0.713998
 384 1 0.763270
 385 1 0.732841
 386 1 0.799035
 387 1 0.673232
 388 1 0.745439
 389 1 0.601962
 390 1 0.727934
 391 1 0.725283
 392 1 0.705051
 393 1 0.643823
 394 1 0.742453
 395 1 0.704602
 396 1 0.785240
 397 1 0.739884
 398 1 0.741387
 399 1 0.741293
 400 1 0.685142
 401 1 0.645547
 402 1 0.625157
 403 1 0.786560
 404 1 0.683445
 405 1 0.691709
 406 1 0.754492
 407 1 0.622949
 408 1 0.636204
 409 1 0.728212
 410 1 0.779591
 411 1 0.625645
 412 1 0.677818
 413 1 0.681022
 414 1 0.696859
 415 1 0.743452
 416 1 0.712976
 417 1 0.787562
 418 1 0.759549
 419 1 0.636418
 420 1 0.625508
 421 1 0.791038
 422 1 0.700670
 423 1 0.688162
 424 1 0.788806
 425 1 0.749862
 426 1 0.606152
 427 1 0.745878
 428 1 0.775967
 429 1 0.706694
 430 1 0.771764
 431 1 0.687710
 432 1 0.667209
 433 1 0.619279
 434 1 0.715270
 435 1 0.764214
 436 1 0.774685
 437 1 0.651707
 438 1 0.666960
 439 1 0.640478
 440 1 0.600817
 441 1 0.657441
 442 1 0.707173
 443 1 0.793008
 444 1 0.728907
 445 1 0.748661
 446 1 0.660523
 447 1 0.782585
 448 1 0.698808
 449 1 0.603821
 450 1 0.606749
 451 1 0.766143
 452 1 0.743717
 453 1 0.776390
 454 1 0.758176
 455 1 0.602963
 456 1 0.674373
 457 1 0.795930
 458 1 0.694704
 459 1 0.768353
 460 1 0.771026
 461 1 0.725667
 462 1 0.646177
 463 1 0.632442
 464 1 0.705303
 465 1 0.718954
 466 1 0.644591
 467 1 0.678443
 468 1 0.620416
 469 1 0.677064
 470 1 0.665555
 471 1 0.736842
 472 1 0.612261
 473 1 0.665329
 474 1 0.704888
 475 1 0.714374
 476 1 0.793686
 477 1 0.638942
 478 1 0.627938
 479 1 0.693414
 480 1 0.782546
 481 1 0.778113
 482 1 0.660993
 483 1 0.675410
 484 1 0.657988
 485 1 0.753756
 486 1 0.791918
 487 1 0.601103
 488 1 0.633909
 489 1 0.742815
 490 1 0.644104
 491 1 0.603485
 492 1 0.675899
 493 1 0.624735
 494 1 0.770494
 495 1 0.705181
 496 1 0.666591
 497 1 0.693209
 498 1 0.724810
 499 1 0.733478
 500 1 0.795005
 501 1 0.652085
 502 1 0.706104
 503 1 0.600758
 504 1 0.723695
 505 1 0.616573
 506 1 0.798338
 507 1 0.659674
 508 1 0.737909
 509 1 0.682984
 510 1 0.604671
 511 1 0.600086
 512 1 0.631862
 513 1 0.706135
 514 1 0.694772
 515 1 0.757442
 516 1 0.600558
 517 1 0.706283
 518 1 0.688481
 519 1 0.743922
 520 1 0.615372
 521 1 0.690439
 522 1 0.718024
 523 1 0.664998
 524 1 0.620693
 525 1 0.748323
 526 1 0.701319
 527 1 0.698901
 528 1 0.730475
 529 1 0.633157
 530 1 0.667175
 531 1 0.718997
 532 1 0.739142
 533 1 0.754077
 534 1 0.611181
 535 1 0.619908
 536 1 0.601087
 537 1 0.665128
 538 1 0.685772
 539 1 0.772977
 540 1 0.608790
 541 1 0.788205
 542 1 0.610007
 543 1 0.771361
 544 1 0.671739
 545 1 0.710284
 546 1 0.796474
 547 1 0.627770
 548 1 0.623643
 549 1 0.748590
 550 1 0.655576
 551 1 0.715393
 552 1 0.640907
 553 1 0.684995
 554 1 0.799475
 555 1 0.762318
 556 1 0.689704
 557 1 0.730247
 558 1 0.625449
 559 1 0.792964
 560 1 0.743649
 561 1 0.605175
 562 1 0.637089
 563 1 0.783459
 564 1 0.685745
 565 1 0.682036
 566 1 0.682952
 567 1 0.666137
 568 1 0.712686
 569 1 0.723845
 570 1 0.739020
 571 1 0.629367
 572 1 0.706610
 573 1 0.650480
 574 1 0.632982
 575 1 0.714107
 576 1 0.711818
 577 1 0.617165
 578 1 0.642880
 579 1 0.777488
 580 1 0.761086
 581 1 0.797550
 582 1 0.707608
 583 1 0.655729
 584 1 0.751147
 585 1 0.630260
 586 1 0.725832
 587 1 0.731125
 588 1 0.659585
 589 1 0.707526
 590 1 0.719462
 591 1 0.696752
 592 1 0.721409
 593 1 0.762192
 594 1 0.756390
 595 1 0.723306
 596 1 0.777572
 597 1 0.752937
 598 1 0.742275
 599 1 0.681714
 600 1 0.799381
 601 1 0.770703
 602 1 0.781094
 603 1 0.610697
 604 1 0.773447
 605 1 0.719720
 606 1 0.758450
 607 1 0.779173
 608 1 0.775265
 609 1 0.693396
 610 1 0.778251
 611 1 0.688590
 612 1 0.635028
 613 1 0.713291
 614 1 0.697199
 615 1 0.709691
 616 1 0.781897
 617 1 0.749020
 618 1 0.664414
 619 1 0.786593
 620 1 0.627016
 621 1 0.750350
 622 1 0.656216
 623 1 0.684928
 624 1 0.665166
 625 1 0.611645
 626 1 0.687723
 627 1 0.799435
 628 1 0.611667
 629 1 0.739285
 630 1 0.756629
 631 1 0.704182
 632 1 0.712445
 633 1 0.669830
 634 1 0.723361
 635 1 0.787361
 636 1 0.777554
 637 1 0.724639
 638 1 0.795396
 639 1 0.766492
 640 1 0.712698
 641 1 0.618226
 642 1 0.601455
 643 1 0.637831
 644 1 0.603876
 645 1 0.628065
 646 1 0.768371
 647 1 0.646862
 648 1 0.683112
 649 1 0.686959
 650 1 0.769741
 651 1 0.737609
 652 1 0.791696
 653 1 0.685876
 654 1 0.615100
 655 1 0.740193
 656 1 0.765911
 657 1 0.735530
 658 1 0.685396
 659 1 0.790383
 660 1 0.715302
 661 1 0.709790
 662 1 0.790737
 663 1 0.617116
 664 1 0.788322
 665 1 0.610996
 666 1 0.608345
 667 1 0.796902
 668 1 0.607896
 669 1 0.798629
 670 1 0.661715
 671 1 0.767575
 672 1 0.607885
 673 1 0.768944
 674 1 0.717988
 675 1 0.736160
 676 1 0.792606
 677 1 0.727818
 678 1 0.782522
 679 1 0.690244
 680 1 0.641034
 681 1 0.673896
 682 1 0.783758
 683 1 0.703354
 684 1 0.795122
 685 1 0.759460
 686 1 0.706164
 687 1 0.790057
 688 1 0.639919
 689 1 0.628196
 690 1 0.690544
 691 1 0.717234
 692 1 0.647828
 693 1 0.683523
 694 1 0.701472
 695 1 0.664098
 696 1 0.706432
 697 1 0.748636
 698 1 0.789338
 699 1 0.722813
 700 1 0.783348
 701 1 0.604352
 702 1 0.757341
 703 1 0.668156
 704 1 0.621075
 705 1 0.795213
 706 1 0.662948
 707 1 0.735423
 708 1 0.725740
 709 1 0.797775
 710 1 0.611182
 711 1 0.763873
 712 1 0.727321
 713 1 0.687317
 714 1 0.758362
 715 1 0.734006
 716 1 0.662653
 717 1 0.795865
 718 1 0.628040
 719 1 0.703665
 720 1 0.643918
 721 1 0.691949
 722 1 0.643286
 723 1 0.648427
 724 1 0.649677
 725 1 0.679864
 726 1 0.703066
 727 1 0.750924
 728 1 0.788463
 729 1 0.799822
 730 1 0.610190
 731 1 0.612460
 732 1 0.644892
 733 1 0.612783
 734 1 0.799810
 735 1 0.623555
 736 1 0.689925
 737 1 0.623001
 738 1 0.731781
 739 1 0.654084
 740 1 0.706287
 741 1 0.684222
 742 1 0.765650
 743 1 0.677527
 744 1 0.796943
 745 1 0.698571
 746 1 0.639499
 747 1 0.725798
 748 1 0.607175
 749 1 0.739415
 750 1 0.760037
 751 1 0.690469
 752 1 0.638868
 753 1 0.626481
 754 1 0.728957
 755 1 0.733397
 756 1 0.672140
 757 1 0.677307
 758 1 0.668412
 759 1 0.728789
 760 1 0.607863
 761 1 0.625596
 762 1 0.718318
 763 1 0.637905
 764 1 0.661249
 765 1 0.749861
 766 1 0.634539
 767 1 0.747487
 768 1 0.676223
 769 1 0.775015
 770 1 0.769989
 771 1 0.638418
 772 1 0.672496
 773 1 0.728925
 774 1 0.770946
 775 1 0.652287
 776 1 0.772559
 777 1 0.713263
 778 1 0.737767
 779 1 0.773093
 780 1 0.792414
 781 1 0.746723
 782 1 0.743066
 783 1 0.699503
 784 1 0.657537
 785 1 0.644297
 786 1 0.656026
 787 1 0.719634
 788 1 0.658303
 789 1 0.778236
 790 1 0.719169
 791 1 0.661709
 792 1 0.695289
 793 1 0.746118
 794 1 0.692738
 795 1 0.700413
 796 1 0.770805
 797 1 0.689746
 798 1 0.741142
 799 1 0.665405
 800 1 0.708286
 801 1 0.647218
 802 1 0.790739
 803 1 0.602744
 804 1 0.735344
 805 1 0.612454
 806 1 0.657824
 807 1 0.659625
 808 1 0.726297
 809 1 0.782790
 810 1 0.618047
 811 1 0.709053
 812 1 0.676421
 813 1 0.695812
 814 1 0.760442
 815 1 0.677527
 816 1 0.797881
 817 1 0.754302
 818 1 0.790346
 819 1 0.697736
 820 1 0.765172
 821 1 0.722486
 822 1 0.623061
 823 1 0.719789
 824 1 0.639114
 825 1 0.743085
 826 1 0.759015
 827 1 0.767459
 828 1 0.707783
 829 1 0.694894
 830 1 0.720649
 831 1 0.660051
 832 1 0.721777
 833 1 0.694189
 834 1 0.716047
 835 1 0.721870
 836 1 0.622810
 837 1 0.740944
 838 1 0.774851
 839 1 0.720319
 840 1 0.656672
 841 1 0.654343
 842 1 0.739514
 843 1 0.791627
 844 1 0.635982
 845 1 0.639451
 846 1 0.699940
 847 1 0.740521
 848 1 0.683647
 849 1 0.786461
 850 1 0.733738
 851 1 0.659963
 852 1 0.628759
 853 1 0.761760
 854 1 0.690009
 855 1 0.743137
 856 1 0.665457
 857 1 0.694018
 858 1 0.629572
 859 1 0.756115
 860 1 0.654848
 861 1 0.797471
 862 1 0.736826
 863 1 0.704686
 864 1 0.673871
 865 1 0.689875
 866 1 0.670656
 867 1 0.723443
 868 1 0.728552
 869 1 0.640374
 870 1 0.770122
 871 1 0.735025
 872 1 0.667343
 873 1 0.673760
 874 1 0.734823
 875 1 0.763179
 876 1 0.613097
 877 1 0.638113
 878 1 0.617897
 879 1 0.619104
 880 1 0.798757
 881 1 0.713940
 882 1 0.629729
 883 1 0.610385
 884 1 0.691275
 885 1 0.697050
 886 1 0.744937
 887 1 0.705507
 888 1 0.737565
 889 1 0.734783
 890 1 0.624516
 891 1 0.733682
 892 1 0.684011
 893 1 0.726682
 894 1 0.645935
 895 1 0.661200
 896 1 0.727221
 897 1 0.798568
 898 1 0.635554
 899 1 0.693059
 900 1 0.606825
 901 1 0.606159
 902 1 0.646027
 903 1 0.634106
 904 1 0.659193
 905 1 0.756622
 906 1 0.779705
 907 1 0.634455
 908 1 0.785576
 909 1 0.611086
 910 1 0.768650
 911 1 0.655389
 912 1 0.600612
 913 1 0.613157
 914 1 0.673739
 915 1 0.712410
 916 1 0.674635
 917 1 0.713687
 918 1 0.602880
 919 1 0.684885
 920 1 0.601000
 921 1 0.731653
 922 1 0.782340
 923 1 0.741641
 924 1 0.718338
 925 1 0.601577
 926 1 0.684965
 927 1 0.787223
 928 1 0.677898
 929 1 0.676077
 930 1 0.645221
 931 1 0.663248
 932 1 0.728747
 933 1 0.608768
 934 1 0.670269
 935 1 0.797848
 936 1 0.731460
 937 1 0.780452
 938 1 0.689943
 939 1 0.668793
 940 1 0.796699
 941 1 0.654247
 942 1 0.603541
 943 1 0.735085
 944 1 0.737344
 945 1 0.702096
 946 1 0.646117
 947 1 0.611870
 948 1 0.643684
 949 1 0.604248
 950 1 0.738518
 951 1 0.786807
 952 1 0.786157
 953 1 0.635362
 954 1 0.698052
 955 1 0.734423
 956 1 0.721351
 957 1 0.703187
 958 1 0.661489
 959 1 0.712924
 960 1 0.657911
 961 1 0.636966
 962 1 0.760277
 963 1 0.711299
 964 1 0.669149
 965 1 0.787380
 966 1 0.648971
 967 1 0.610440
 968 1 0.779017
 969 1 0.711271
 970 1 0.630560
 971 1 0.761387
 972 1 0.648536
 973 1 0.723558
 974 1 0.643162
 975 1 0.738695
 976 1 0.760259
 977 1 0.645317
 978 1 0.748556
 979 1 0.665122
 980 1 0.698266
 981 1 0.776306
 982 1 0.698104
 983 1 0.699701
 984 1 0.700672
 985 1 0.735952
 986 1 0.698123
 987 1 0.737960
 988 1 0.753184
 989 1 0.704570
 990 1 0.706658
 991 1 0.749718
 992 1 0.650343
 993 1 0.776029
 994 1 0.733079
 995 1 0.742930
 996 1 0.623523
 997 1 0.613947
 998 1 0.711411
 999 1 0.745717
1000 1 0.642191

=============================
1 0.800022 0.600086
   1 2 0.675929
   2 2 0.742066
   3 2 0.692359
   4 2 0.728920
   5 2 0.641974
   6 2 0.621694
   7 2 0.730374
   8 2 0.750884
   9 2 0.743775
  10 2 0.698113
  11 2 0.796802
  12 2 0.781423
  13 2 0.680300
  14 2 0.794125
  15 2 0.708064
  16 2 0.618344
  17 2 0.668734
  18 2 0.781693
  19 2 0.700843
  20 2 0.615857
  21 2 0.728390
  22 2 0.740917
  23 2 0.618134
  24 2 0.677140
  25 2 0.601163
  26 2 0.671499
  27 2 0.667307
  28 2 0.713092
  29 2 0.758768
  30 2 0.657881
  31 2 0.783940
  32 2 0.729613
  33 2 0.631403
  34 2 0.676907
  35 2 0.718226
  36 2 0.682427
  37 2 0.644312
  38 2 0.733548
  39 2 0.675352
  40 2 0.713355
  41 2 0.629265
  42 2 0.621749
  43 2 0.701199
  44 2 0.730294
  45 2 0.791036
  46 2 0.692501
  47 2 0.602760
  48 2 0.612537
  49 2 0.661627
  50 2 0.736968
  51 2 0.722079
  52 2 0.797569
  53 2 0.700926
  54 2 0.788471
  55 2 0.705756
  56 2 0.669803
  57 2 0.730173
  58 2 0.628797
  59 2 0.794741
  60 2 0.768218
  61 2 0.770702
  62 2 0.692174
  63 2 0.604456
  64 2 0.666691
  65 2 0.654828
  66 2 0.751390
  67 2 0.734341
  68 2 0.640776
  69 2 0.788927
  70 2 0.721473
  71 2 0.731926
  72 2 0.730652
  73 2 0.767483
  74 2 0.779557
  75 2 0.786756
  76 2 0.796782
  77 2 0.679857
  78 2 0.677149
  79 2 0.642823
  80 2 0.767729
  81 2 0.718845
  82 2 0.764312
  83 2 0.619779
  84 2 0.660058
  85 2 0.724238
  86 2 0.640652
  87 2 0.702149
  88 2 0.626168
  89 2 0.747531
  90 2 0.666148
  91 2 0.794083
  92 2 0.642893
  93 2 0.670952
  94 2 0.724397
  95 2 0.645010
  96 2 0.787932
  97 2 0.653017
  98 2 0.747549
  99 2 0.657273
 100 2 0.735233
 101 2 0.638209
 102 2 0.626979
 103 2 0.774471
 104 2 0.793910
 105 2 0.747230
 106 2 0.730997
 107 2 0.614803
 108 2 0.687323
 109 2 0.617066
 110 2 0.779486
 111 2 0.780257
 112 2 0.600880
 113 2 0.722093
 114 2 0.731317
 115 2 0.797800
 116 2 0.759943
 117 2 0.671754
 118 2 0.757853
 119 2 0.765002
 120 2 0.787312
 121 2 0.693209
 122 2 0.610098
 123 2 0.766797
 124 2 0.680361
 125 2 0.622317
 126 2 0.652660
 127 2 0.772560
 128 2 0.757475
 129 2 0.772084
 130 2 0.665793
 131 2 0.766666
 132 2 0.623288
 133 2 0.754474
 134 2 0.628561
 135 2 0.620311
 136 2 0.785254
 137 2 0.705243
 138 2 0.636608
 139 2 0.655375
 140 2 0.626981
 141 2 0.751893
 142 2 0.680802
 143 2 0.634053
 144 2 0.707490
 145 2 0.617234
 146 2 0.614007
 147 2 0.779859
 148 2 0.785636
 149 2 0.791348
 150 2 0.607206
 151 2 0.721596
 152 2 0.620908
 153 2 0.600649
 154 2 0.679957
 155 2 0.783361
 156 2 0.693127
 157 2 0.646683
 158 2 0.716409
 159 2 0.602993
 160 2 0.636008
 161 2 0.619764
 162 2 0.683102
 163 2 0.618034
 164 2 0.785489
 165 2 0.642980
 166 2 0.611581
 167 2 0.628673
 168 2 0.761148
 169 2 0.714654
 170 2 0.730004
 171 2 0.764918
 172 2 0.748626
 173 2 0.639501
 174 2 0.782785
 175 2 0.611808
 176 2 0.619831
 177 2 0.799975
 178 2 0.701006
 179 2 0.775971
 180 2 0.670732
 181 2 0.627797
 182 2 0.685963
 183 2 0.793180
 184 2 0.744221
 185 2 0.717407
 186 2 0.644231
 187 2 0.625307
 188 2 0.700696
 189 2 0.712373
 190 2 0.684454
 191 2 0.628545
 192 2 0.669678
 193 2 0.714352
 194 2 0.769459
 195 2 0.714952
 196 2 0.731762
 197 2 0.654478
 198 2 0.753100
 199 2 0.787159
 200 2 0.771642
 201 2 0.713487
 202 2 0.703512
 203 2 0.789718
 204 2 0.770605
 205 2 0.750624
 206 2 0.795732
 207 2 0.775576
 208 2 0.619107
 209 2 0.749845
 210 2 0.783820
 211 2 0.746862
 212 2 0.727652
 213 2 0.732085
 214 2 0.610164
 215 2 0.729200
 216 2 0.779766
 217 2 0.750573
 218 2 0.680874
 219 2 0.648589
 220 2 0.638126
 221 2 0.658428
 222 2 0.621237
 223 2 0.611806
 224 2 0.700312
 225 2 0.791953
 226 2 0.639427
 227 2 0.766913
 228 2 0.681874
 229 2 0.782366
 230 2 0.600624
 231 2 0.788428
 232 2 0.750762
 233 2 0.795256
 234 2 0.684556
 235 2 0.671024
 236 2 0.727189
 237 2 0.684200
 238 2 0.627669
 239 2 0.615457
 240 2 0.722194
 241 2 0.726299
 242 2 0.696637
 243 2 0.715694
 244 2 0.741021
 245 2 0.696582
 246 2 0.798366
 247 2 0.679299
 248 2 0.794650
 249 2 0.714315
 250 2 0.786966
 251 2 0.791285
 252 2 0.736805
 253 2 0.714521
 254 2 0.740890
 255 2 0.686784
 256 2 0.688648
 257 2 0.674347
 258 2 0.651287
 259 2 0.650780
 260 2 0.606470
 261 2 0.636081
 262 2 0.715792
 263 2 0.715362
 264 2 0.755164
 265 2 0.663522
 266 2 0.706198
 267 2 0.626000
 268 2 0.677841
 269 2 0.797859
 270 2 0.700406
 271 2 0.683957
 272 2 0.780708
 273 2 0.761763
 274 2 0.680438
 275 2 0.662959
 276 2 0.704982
 277 2 0.625654
 278 2 0.787579
 279 2 0.674155
 280 2 0.768291
 281 2 0.601618
 282 2 0.621363
 283 2 0.724320
 284 2 0.628116
 285 2 0.600802
 286 2 0.679108
 287 2 0.636417
 288 2 0.787835
 289 2 0.748118
 290 2 0.731577
 291 2 0.691553
 292 2 0.771811
 293 2 0.741446
 294 2 0.702991
 295 2 0.756435
 296 2 0.737896
 297 2 0.778391
 298 2 0.771583
 299 2 0.736912
 300 2 0.764294
 301 2 0.787349
 302 2 0.794004
 303 2 0.637156
 304 2 0.629409
 305 2 0.707899
 306 2 0.614631
 307 2 0.766701
 308 2 0.624010
 309 2 0.705602
 310 2 0.753378
 311 2 0.725162
 312 2 0.751513
 313 2 0.623237
 314 2 0.623695
 315 2 0.704196
 316 2 0.798561
 317 2 0.765603
 318 2 0.603795
 319 2 0.636051
 320 2 0.687908
 321 2 0.732875
 322 2 0.676400
 323 2 0.684747
 324 2 0.752044
 325 2 0.768176
 326 2 0.767705
 327 2 0.669208
 328 2 0.783430
 329 2 0.603473
 330 2 0.719474
 331 2 0.767399
 332 2 0.615831
 333 2 0.623909
 334 2 0.639836
 335 2 0.684085
 336 2 0.797084
 337 2 0.623110
 338 2 0.620820
 339 2 0.701210
 340 2 0.630510
 341 2 0.668783
 342 2 0.670089
 343 2 0.712145
 344 2 0.716508
 345 2 0.645170
 346 2 0.656544
 347 2 0.612428
 348 2 0.607554
 349 2 0.647486
 350 2 0.707074
 351 2 0.729975
 352 2 0.622350
 353 2 0.763852
 354 2 0.689770
 355 2 0.602443
 356 2 0.757989
 357 2 0.723920
 358 2 0.745170
 359 2 0.782996
 360 2 0.622097
 361 2 0.603451
 362 2 0.792113
 363 2 0.697043
 364 2 0.735229
 365 2 0.623212
 366 2 0.756052
 367 2 0.721418
 368 2 0.716824
 369 2 0.664510
 370 2 0.793063
 371 2 0.779408
 372 2 0.732274
 373 2 0.680542
 374 2 0.686869
 375 2 0.703028
 376 2 0.755298
 377 2 0.693665
 378 2 0.653937
 379 2 0.701812
 380 2 0.652466
 381 2 0.611244
 382 2 0.764349
 383 2 0.602877
 384 2 0.778720
 385 2 0.674852
 386 2 0.602774
 387 2 0.778393
 388 2 0.631553
 389 2 0.700752
 390 2 0.641260
 391 2 0.678999
 392 2 0.653321
 393 2 0.675178
 394 2 0.760999
 395 2 0.642882
 396 2 0.643913
 397 2 0.604577
 398 2 0.741518
 399 2 0.734145
 400 2 0.741635
 401 2 0.682610
 402 2 0.693240
 403 2 0.723779
 404 2 0.698638
 405 2 0.728910
 406 2 0.746399
 407 2 0.648614
 408 2 0.720042
 409 2 0.794811
 410 2 0.658776
 411 2 0.733098
 412 2 0.777836
 413 2 0.621654
 414 2 0.785298
 415 2 0.749939
 416 2 0.742916
 417 2 0.610380
 418 2 0.666208
 419 2 0.698741
 420 2 0.711953
 421 2 0.679729
 422 2 0.662906
 423 2 0.756472
 424 2 0.616810
 425 2 0.742598
 426 2 0.620975
 427 2 0.704710
 428 2 0.704238
 429 2 0.669723
 430 2 0.775167
 431 2 0.656039
 432 2 0.738685
 433 2 0.607794
 434 2 0.790718
 435 2 0.613970
 436 2 0.694628
 437 2 0.692975
 438 2 0.675840
 439 2 0.758366
 440 2 0.667243
 441 2 0.662577
 442 2 0.751694
 443 2 0.626050
 444 2 0.733817
 445 2 0.731293
 446 2 0.783934
 447 2 0.626363
 448 2 0.728879
 449 2 0.749923
 450 2 0.610339
 451 2 0.731906
 452 2 0.749227
 453 2 0.606883
 454 2 0.685572
 455 2 0.609353
 456 2 0.666492
 457 2 0.739878
 458 2 0.712602
 459 2 0.693856
 460 2 0.608232
 461 2 0.777338
 462 2 0.797333
 463 2 0.643376
 464 2 0.605985
 465 2 0.751428
 466 2 0.632174
 467 2 0.683106
 468 2 0.757364
 469 2 0.767648
 470 2 0.678192
 471 2 0.704179
 472 2 0.794307
 473 2 0.647653
 474 2 0.652533
 475 2 0.683176
 476 2 0.635422
 477 2 0.722050
 478 2 0.676401
 479 2 0.741779
 480 2 0.797403
 481 2 0.655252
 482 2 0.679549
 483 2 0.671364
 484 2 0.620359
 485 2 0.624829
 486 2 0.739765
 487 2 0.609543
 488 2 0.755941
 489 2 0.773324
 490 2 0.784569
 491 2 0.791815
 492 2 0.760324
 493 2 0.709950
 494 2 0.663067
 495 2 0.742098
 496 2 0.696703
 497 2 0.679529
 498 2 0.612561
 499 2 0.777562
 500 2 0.647112
 501 2 0.662786
 502 2 0.713543
 503 2 0.629630
 504 2 0.794498
 505 2 0.617505
 506 2 0.641026
 507 2 0.794909
 508 2 0.697178
 509 2 0.795071
 510 2 0.693784
 511 2 0.788776
 512 2 0.795127
 513 2 0.715522
 514 2 0.753027
 515 2 0.631523
 516 2 0.662577
 517 2 0.706479
 518 2 0.715436
 519 2 0.709039
 520 2 0.644147
 521 2 0.784721
 522 2 0.772814
 523 2 0.702619
 524 2 0.641668
 525 2 0.728577
 526 2 0.717242
 527 2 0.757230
 528 2 0.661995
 529 2 0.787166
 530 2 0.709113
 531 2 0.651250
 532 2 0.788851
 533 2 0.715775
 534 2 0.672454
 535 2 0.625587
 536 2 0.752115
 537 2 0.761634
 538 2 0.760958
 539 2 0.624817
 540 2 0.746817
 541 2 0.611099
 542 2 0.685751
 543 2 0.666962
 544 2 0.775193
 545 2 0.645152
 546 2 0.660911
 547 2 0.626847
 548 2 0.622731
 549 2 0.755349
 550 2 0.674367
 551 2 0.765266
 552 2 0.652893
 553 2 0.741216
 554 2 0.712461
 555 2 0.745127
 556 2 0.723680
 557 2 0.627237
 558 2 0.629205
 559 2 0.697498
 560 2 0.650804
 561 2 0.624700
 562 2 0.785500
 563 2 0.732399
 564 2 0.688162
 565 2 0.679371
 566 2 0.676102
 567 2 0.799761
 568 2 0.628553
 569 2 0.648171
 570 2 0.680409
 571 2 0.617729
 572 2 0.606831
 573 2 0.779305
 574 2 0.671911
 575 2 0.786622
 576 2 0.663228
 577 2 0.727943
 578 2 0.607356
 579 2 0.643312
 580 2 0.656012
 581 2 0.618647
 582 2 0.641276
 583 2 0.649276
 584 2 0.784122
 585 2 0.626735
 586 2 0.731389
 587 2 0.787861
 588 2 0.710822
 589 2 0.649473
 590 2 0.620643
 591 2 0.653099
 592 2 0.634262
 593 2 0.774546
 594 2 0.652900
 595 2 0.719055
 596 2 0.640750
 597 2 0.714485
 598 2 0.769378
 599 2 0.778028
 600 2 0.774821
 601 2 0.730708
 602 2 0.685285
 603 2 0.703486
 604 2 0.609823
 605 2 0.682333
 606 2 0.735384
 607 2 0.784453
 608 2 0.790068
 609 2 0.606897
 610 2 0.617665
 611 2 0.684574
 612 2 0.780023
 613 2 0.667927
 614 2 0.670048
 615 2 0.683192
 616 2 0.790788
 617 2 0.778058
 618 2 0.646250
 619 2 0.600271
 620 2 0.689449
 621 2 0.709718
 622 2 0.672094
 623 2 0.648747
 624 2 0.699956
 625 2 0.625775
 626 2 0.646575
 627 2 0.663483
 628 2 0.688006
 629 2 0.782179
 630 2 0.775787
 631 2 0.628046
 632 2 0.664339
 633 2 0.757847
 634 2 0.740106
 635 2 0.739123
 636 2 0.687281
 637 2 0.656078
 638 2 0.674570
 639 2 0.625746
 640 2 0.727979
 641 2 0.788267
 642 2 0.604734
 643 2 0.732011
 644 2 0.629752
 645 2 0.731920
 646 2 0.776397
 647 2 0.726392
 648 2 0.667047
 649 2 0.605309
 650 2 0.788616
 651 2 0.622234
 652 2 0.611030
 653 2 0.745776
 654 2 0.775600
 655 2 0.611877
 656 2 0.788992
 657 2 0.712987
 658 2 0.684513
 659 2 0.774034
 660 2 0.797763
 661 2 0.757741
 662 2 0.786274
 663 2 0.758063
 664 2 0.796533
 665 2 0.733942
 666 2 0.773606
 667 2 0.619696
 668 2 0.622081
 669 2 0.698732
 670 2 0.736073
 671 2 0.643503
 672 2 0.633602
 673 2 0.717373
 674 2 0.740924
 675 2 0.755414
 676 2 0.795651
 677 2 0.600569
 678 2 0.615166
 679 2 0.697244
 680 2 0.754119
 681 2 0.617223
 682 2 0.661044
 683 2 0.772861
 684 2 0.788425
 685 2 0.717490
 686 2 0.704867
 687 2 0.741000
 688 2 0.740447
 689 2 0.639091
 690 2 0.661102
 691 2 0.734793
 692 2 0.661327
 693 2 0.718867
 694 2 0.683065
 695 2 0.779100
 696 2 0.722579
 697 2 0.652505
 698 2 0.688943
 699 2 0.794558
 700 2 0.725809
 701 2 0.760573
 702 2 0.672344
 703 2 0.659813
 704 2 0.771901
 705 2 0.749158
 706 2 0.718374
 707 2 0.788810
 708 2 0.663583
 709 2 0.600102
 710 2 0.614152
 711 2 0.648981
 712 2 0.689877
 713 2 0.704064
 714 2 0.714436
 715 2 0.610819
 716 2 0.658636
 717 2 0.707165
 718 2 0.790007
 719 2 0.686500
 720 2 0.693158
 721 2 0.779861
 722 2 0.688788
 723 2 0.655908
 724 2 0.755708
 725 2 0.785862
 726 2 0.634924
 727 2 0.670257
 728 2 0.741550
 729 2 0.709096
 730 2 0.774366
 731 2 0.659918
 732 2 0.737195
 733 2 0.711469
 734 2 0.699904
 735 2 0.690258
 736 2 0.609121
 737 2 0.612938
 738 2 0.714765
 739 2 0.662974
 740 2 0.657549
 741 2 0.615227
 742 2 0.613291
 743 2 0.725915
 744 2 0.789185
 745 2 0.773448
 746 2 0.633596
 747 2 0.784013
 748 2 0.683757
 749 2 0.656517
 750 2 0.729931
 751 2 0.796051
 752 2 0.660761
 753 2 0.695425
 754 2 0.725095
 755 2 0.738973
 756 2 0.733130
 757 2 0.625902
 758 2 0.726654
 759 2 0.762320
 760 2 0.644678
 761 2 0.688504
 762 2 0.644701
 763 2 0.788678
 764 2 0.787176
 765 2 0.760398
 766 2 0.780412
 767 2 0.696756
 768 2 0.639192
 769 2 0.615656
 770 2 0.602570
 771 2 0.791087
 772 2 0.797531
 773 2 0.615114
 774 2 0.779047
 775 2 0.717887
 776 2 0.783939
 777 2 0.777077
 778 2 0.620099
 779 2 0.739363
 780 2 0.689840
 781 2 0.649333
 782 2 0.604935
 783 2 0.684016
 784 2 0.725489
 785 2 0.689997
 786 2 0.608025
 787 2 0.773691
 788 2 0.633952
 789 2 0.622625
 790 2 0.670234
 791 2 0.796845
 792 2 0.660259
 793 2 0.733019
 794 2 0.637843
 795 2 0.772303
 796 2 0.658652
 797 2 0.731420
 798 2 0.662780
 799 2 0.799703
 800 2 0.651269
 801 2 0.745010
 802 2 0.690343
 803 2 0.745098
 804 2 0.615046
 805 2 0.786336
 806 2 0.721924
 807 2 0.717511
 808 2 0.776418
 809 2 0.616101
 810 2 0.661687
 811 2 0.699340
 812 2 0.780803
 813 2 0.737361
 814 2 0.629590
 815 2 0.653161
 816 2 0.702354
 817 2 0.679063
 818 2 0.791101
 819 2 0.606347
 820 2 0.688947
 821 2 0.657092
 822 2 0.618544
 823 2 0.643676
 824 2 0.703838
 825 2 0.795772
 826 2 0.610314
 827 2 0.773779
 828 2 0.658524
 829 2 0.720473
 830 2 0.701039
 831 2 0.687345
 832 2 0.705515
 833 2 0.690632
 834 2 0.766356
 835 2 0.710008
 836 2 0.626545
 837 2 0.639607
 838 2 0.754425
 839 2 0.794111
 840 2 0.670744
 841 2 0.713517
 842 2 0.655792
 843 2 0.601067
 844 2 0.740646
 845 2 0.695338
 846 2 0.631972
 847 2 0.600708
 848 2 0.658083
 849 2 0.616747
 850 2 0.690446
 851 2 0.620514
 852 2 0.695856
 853 2 0.625563
 854 2 0.790140
 855 2 0.653923
 856 2 0.752118
 857 2 0.684401
 858 2 0.689919
 859 2 0.632720
 860 2 0.668177
 861 2 0.777901
 862 2 0.658100
 863 2 0.783241
 864 2 0.619998
 865 2 0.658825
 866 2 0.685599
 867 2 0.700141
 868 2 0.687994
 869 2 0.698260
 870 2 0.759476
 871 2 0.659181
 872 2 0.600190
 873 2 0.796365
 874 2 0.689343
 875 2 0.765421
 876 2 0.767125
 877 2 0.641867
 878 2 0.677817
 879 2 0.653770
 880 2 0.696538
 881 2 0.708053
 882 2 0.681578
 883 2 0.778733
 884 2 0.766578
 885 2 0.672940
 886 2 0.781736
 887 2 0.622017
 888 2 0.744063
 889 2 0.675001
 890 2 0.793617
 891 2 0.662177
 892 2 0.690611
 893 2 0.706198
 894 2 0.799316
 895 2 0.746212
 896 2 0.601070
 897 2 0.671081
 898 2 0.767978
 899 2 0.765435
 900 2 0.762029
 901 2 0.790493
 902 2 0.616040
 903 2 0.678518
 904 2 0.673045
 905 2 0.694664
 906 2 0.626221
 907 2 0.739603
 908 2 0.768663
 909 2 0.638856
 910 2 0.630336
 911 2 0.749264
 912 2 0.702175
 913 2 0.783901
 914 2 0.707962
 915 2 0.699779
 916 2 0.762617
 917 2 0.723541
 918 2 0.626878
 919 2 0.731101
 920 2 0.648169
 921 2 0.740697
 922 2 0.681730
 923 2 0.724693
 924 2 0.650898
 925 2 0.759508
 926 2 0.713812
 927 2 0.737801
 928 2 0.665011
 929 2 0.699310
 930 2 0.762830
 931 2 0.671711
 932 2 0.641092
 933 2 0.707400
 934 2 0.688305
 935 2 0.704530
 936 2 0.607089
 937 2 0.603915
 938 2 0.778007
 939 2 0.692668
 940 2 0.733745
 941 2 0.719561
 942 2 0.796778
 943 2 0.745853
 944 2 0.605241
 945 2 0.679810
 946 2 0.691474
 947 2 0.633073
 948 2 0.739494
 949 2 0.622148
 950 2 0.657041
 951 2 0.728450
 952 2 0.676879
 953 2 0.635625
 954 2 0.764058
 955 2 0.661492
 956 2 0.712127
 957 2 0.698718
 958 2 0.678914
 959 2 0.796197
 960 2 0.799428
 961 2 0.611620
 962 2 0.600581
 963 2 0.687720
 964 2 0.622108
 965 2 0.731248
 966 2 0.777207
 967 2 0.661081
 968 2 0.753248
 969 2 0.714333
 970 2 0.669792
 971 2 0.687993
 972 2 0.666058
 973 2 0.676298
 974 2 0.677095
 975 2 0.679468
 976 2 0.696329
 977 2 0.673149
 978 2 0.656121
 979 2 0.607757
 980 2 0.679723
 981 2 0.717685
 982 2 0.701134
 983 2 0.761702
 984 2 0.784946
 985 2 0.679046
 986 2 0.700822
 987 2 0.616539
 988 2 0.648658
 989 2 0.679955
 990 2 0.757861
 991 2 0.687328
 992 2 0.771339
 993 2 0.679101
 994 2 0.610939
 995 2 0.649037
 996 2 0.715340
 997 2 0.791852
 998 2 0.719136
 999 2 0.601163
1000 2 0.653558

=============================
2 0.799975 0.600102
   1 3 0.782857
   2 3 0.667097
   3 3 0.715560
   4 3 0.653469
   5 3 0.658376
   6 3 0.760391
   7 3 0.634305
   8 3 0.726853
   9 3 0.794539
  10 3 0.662673
  11 3 0.730117
  12 3 0.799609
  13 3 0.694502
  14 3 0.712053
  15 3 0.628859
  16 3 0.622404
  17 3 0.721568
  18 3 0.636638
  19 3 0.651182
  20 3 0.697564
  21 3 0.744759
  22 3 0.686343
  23 3 0.763471
  24 3 0.609243
  25 3 0.758226
  26 3 0.737912
  27 3 0.711343
  28 3 0.726341
  29 3 0.632674
  30 3 0.620031
  31 3 0.644085
  32 3 0.711688
  33 3 0.718491
  34 3 0.669422
  35 3 0.667597
  36 3 0.718433
  37 3 0.682344
  38 3 0.634823
  39 3 0.645204
  40 3 0.632853
  41 3 0.777384
  42 3 0.711318
  43 3 0.784016
  44 3 0.777201
  45 3 0.701179
  46 3 0.743563
  47 3 0.681404
  48 3 0.752018
  49 3 0.611088
  50 3 0.724351
  51 3 0.622379
  52 3 0.739684
  53 3 0.619264
  54 3 0.777714
  55 3 0.787148
  56 3 0.697139
  57 3 0.780905
  58 3 0.737904
  59 3 0.749439
  60 3 0.609339
  61 3 0.719321
  62 3 0.664129
  63 3 0.735936
  64 3 0.639248
  65 3 0.713609
  66 3 0.600757
  67 3 0.625854
  68 3 0.775957
  69 3 0.775662
  70 3 0.643925
  71 3 0.703976
  72 3 0.728143
  73 3 0.703702
  74 3 0.600830
  75 3 0.707679
  76 3 0.747859
  77 3 0.621402
  78 3 0.606871
  79 3 0.750096
  80 3 0.634290
  81 3 0.731631
  82 3 0.704136
  83 3 0.788357
  84 3 0.740830
  85 3 0.770714
  86 3 0.665758
  87 3 0.645518
  88 3 0.664259
  89 3 0.751966
  90 3 0.648156
  91 3 0.774188
  92 3 0.673787
  93 3 0.616563
  94 3 0.724661
  95 3 0.759512
  96 3 0.742453
  97 3 0.749047
  98 3 0.772559
  99 3 0.783259
 100 3 0.645652
 101 3 0.727538
 102 3 0.667304
 103 3 0.693558
 104 3 0.613147
 105 3 0.722026
 106 3 0.785186
 107 3 0.620880
 108 3 0.676150
 109 3 0.669961
 110 3 0.790050
 111 3 0.648830
 112 3 0.723487
 113 3 0.726499
 114 3 0.791477
 115 3 0.772677
 116 3 0.738075
 117 3 0.612939
 118 3 0.694286
 119 3 0.743415
 120 3 0.612527
 121 3 0.754722
 122 3 0.619329
 123 3 0.739799
 124 3 0.738866
 125 3 0.763554
 126 3 0.757553
 127 3 0.721010
 128 3 0.709985
 129 3 0.725689
 130 3 0.609008
 131 3 0.639299
 132 3 0.692324
 133 3 0.793873
 134 3 0.668419
 135 3 0.689341
 136 3 0.740303
 137 3 0.699066
 138 3 0.751131
 139 3 0.677194
 140 3 0.785451
 141 3 0.622969
 142 3 0.650033
 143 3 0.688033
 144 3 0.613346
 145 3 0.769816
 146 3 0.668313
 147 3 0.614961
 148 3 0.719037
 149 3 0.664016
 150 3 0.645720
 151 3 0.673056
 152 3 0.702313
 153 3 0.659165
 154 3 0.699946
 155 3 0.617783
 156 3 0.731875
 157 3 0.620595
 158 3 0.655679
 159 3 0.799789
 160 3 0.787004
 161 3 0.780391
 162 3 0.712897
 163 3 0.776782
 164 3 0.636642
 165 3 0.782765
 166 3 0.697019
 167 3 0.723587
 168 3 0.637740
 169 3 0.739365
 170 3 0.666145
 171 3 0.610672
 172 3 0.686362
 173 3 0.742677
 174 3 0.725479
 175 3 0.694029
 176 3 0.641354
 177 3 0.794163
 178 3 0.702842
 179 3 0.764264
 180 3 0.761098
 181 3 0.641072
 182 3 0.796592
 183 3 0.640610
 184 3 0.765286
 185 3 0.626396
 186 3 0.606629
 187 3 0.706430
 188 3 0.751231
 189 3 0.792146
 190 3 0.660129
 191 3 0.642913
 192 3 0.641984
 193 3 0.674163
 194 3 0.746308
 195 3 0.670090
 196 3 0.729238
 197 3 0.783369
 198 3 0.748105
 199 3 0.726930
 200 3 0.716932
 201 3 0.785504
 202 3 0.652894
 203 3 0.723810
 204 3 0.771300
 205 3 0.645340
 206 3 0.683458
 207 3 0.787288
 208 3 0.782371
 209 3 0.612134
 210 3 0.647558
 211 3 0.707104
 212 3 0.681610
 213 3 0.661761
 214 3 0.680194
 215 3 0.626268
 216 3 0.664050
 217 3 0.747484
 218 3 0.749154
 219 3 0.761930
 220 3 0.630998
 221 3 0.758793
 222 3 0.659755
 223 3 0.740934
 224 3 0.670817
 225 3 0.604371
 226 3 0.773570
 227 3 0.665572
 228 3 0.725694
 229 3 0.609480
 230 3 0.680388
 231 3 0.654333
 232 3 0.738954
 233 3 0.625635
 234 3 0.635854
 235 3 0.713297
 236 3 0.721819
 237 3 0.738778
 238 3 0.739823
 239 3 0.655375
 240 3 0.775662
 241 3 0.717813
 242 3 0.714555
 243 3 0.759139
 244 3 0.774205
 245 3 0.672621
 246 3 0.605613
 247 3 0.710011
 248 3 0.636227
 249 3 0.675115
 250 3 0.767074
 251 3 0.725575
 252 3 0.654412
 253 3 0.771511
 254 3 0.744929
 255 3 0.666668
 256 3 0.689208
 257 3 0.611867
 258 3 0.761897
 259 3 0.734436
 260 3 0.705104
 261 3 0.713726
 262 3 0.747859
 263 3 0.666364
 264 3 0.636112
 265 3 0.746571
 266 3 0.604074
 267 3 0.680562
 268 3 0.652208
 269 3 0.652144
 270 3 0.743614
 271 3 0.694657
 272 3 0.781443
 273 3 0.734739
 274 3 0.751959
 275 3 0.688252
 276 3 0.688221
 277 3 0.611978
 278 3 0.667902
 279 3 0.621684
 280 3 0.789085
 281 3 0.684328
 282 3 0.728855
 283 3 0.793004
 284 3 0.676013
 285 3 0.678956
 286 3 0.775661
 287 3 0.734032
 288 3 0.618217
 289 3 0.653767
 290 3 0.657738
 291 3 0.759760
 292 3 0.628977
 293 3 0.772425
 294 3 0.650756
 295 3 0.642461
 296 3 0.766144
 297 3 0.650048
 298 3 0.714709
 299 3 0.664591
 300 3 0.792014
 301 3 0.711375
 302 3 0.705192
 303 3 0.612914
 304 3 0.631554
 305 3 0.700576
 306 3 0.621020
 307 3 0.606371
 308 3 0.648669
 309 3 0.605017
 310 3 0.797603
 311 3 0.793728
 312 3 0.796650
 313 3 0.659961
 314 3 0.657440
 315 3 0.757869
 316 3 0.638380
 317 3 0.758320
 318 3 0.643245
 319 3 0.621941
 320 3 0.681970
 321 3 0.714800
 322 3 0.741480
 323 3 0.719758
 324 3 0.741611
 325 3 0.716984
 326 3 0.650565
 327 3 0.632180
 328 3 0.642169
 329 3 0.765446
 330 3 0.715699
 331 3 0.795636
 332 3 0.619794
 333 3 0.739963
 334 3 0.751025
 335 3 0.770586
 336 3 0.619836
 337 3 0.622227
 338 3 0.630518
 339 3 0.723322
 340 3 0.757155
 341 3 0.695278
 342 3 0.712732
 343 3 0.627020
 344 3 0.795561
 345 3 0.749464
 346 3 0.603564
 347 3 0.606810
 348 3 0.755908
 349 3 0.673620
 350 3 0.603922
 351 3 0.744894
 352 3 0.702911
 353 3 0.742960
 354 3 0.799143
 355 3 0.693209
 356 3 0.696996
 357 3 0.670287
 358 3 0.732826
 359 3 0.749407
 360 3 0.699151
 361 3 0.776418
 362 3 0.748605
 363 3 0.660174
 364 3 0.605366
 365 3 0.799477
 366 3 0.779687
 367 3 0.681653
 368 3 0.776605
 369 3 0.647757
 370 3 0.657379
 371 3 0.725987
 372 3 0.673456
 373 3 0.772510
 374 3 0.720611
 375 3 0.767657
 376 3 0.762526
 377 3 0.748820
 378 3 0.778850
 379 3 0.765948
 380 3 0.683617
 381 3 0.766310
 382 3 0.685669
 383 3 0.778026
 384 3 0.641009
 385 3 0.703661
 386 3 0.632821
 387 3 0.798039
 388 3 0.670025
 389 3 0.679183
 390 3 0.603868
 391 3 0.616604
 392 3 0.798432
 393 3 0.758498
 394 3 0.678810
 395 3 0.654153
 396 3 0.792930
 397 3 0.735875
 398 3 0.709959
 399 3 0.744419
 400 3 0.638638
 401 3 0.777992
 402 3 0.682913
 403 3 0.724028
 404 3 0.693979
 405 3 0.677878
 406 3 0.624008
 407 3 0.648443
 408 3 0.765236
 409 3 0.686312
 410 3 0.619461
 411 3 0.608473
 412 3 0.698104
 413 3 0.735834
 414 3 0.731845
 415 3 0.669502
 416 3 0.614960
 417 3 0.628667
 418 3 0.689837
 419 3 0.622074
 420 3 0.742748
 421 3 0.687323
 422 3 0.630678
 423 3 0.785073
 424 3 0.634766
 425 3 0.713047
 426 3 0.679548
 427 3 0.744033
 428 3 0.766361
 429 3 0.794496
 430 3 0.722025
 431 3 0.633858
 432 3 0.637534
 433 3 0.687525
 434 3 0.626673
 435 3 0.697548
 436 3 0.668433
 437 3 0.788864
 438 3 0.799403
 439 3 0.700687
 440 3 0.694262
 441 3 0.719734
 442 3 0.653837
 443 3 0.643799
 444 3 0.626995
 445 3 0.641228
 446 3 0.613295
 447 3 0.631782
 448 3 0.622397
 449 3 0.691859
 450 3 0.634557
 451 3 0.754322
 452 3 0.678805
 453 3 0.722907
 454 3 0.767407
 455 3 0.654844
 456 3 0.663859
 457 3 0.705916
 458 3 0.702470
 459 3 0.795283
 460 3 0.689816
 461 3 0.638708
 462 3 0.757504
 463 3 0.617597
 464 3 0.783592
 465 3 0.725403
 466 3 0.789812
 467 3 0.696371
 468 3 0.725439
 469 3 0.724525
 470 3 0.616039
 471 3 0.616539
 472 3 0.695810
 473 3 0.769697
 474 3 0.659185
 475 3 0.690303
 476 3 0.651810
 477 3 0.689260
 478 3 0.695243
 479 3 0.651242
 480 3 0.601487
 481 3 0.723389
 482 3 0.663028
 483 3 0.760137
 484 3 0.798643
 485 3 0.767628
 486 3 0.736966
 487 3 0.618083
 488 3 0.654084
 489 3 0.795984
 490 3 0.641122
 491 3 0.777528
 492 3 0.653725
 493 3 0.671632
 494 3 0.602136
 495 3 0.720063
 496 3 0.682171
 497 3 0.605266
 498 3 0.634797
 499 3 0.799028
 500 3 0.706185
 501 3 0.610542
 502 3 0.604914
 503 3 0.678568
 504 3 0.707980
 505 3 0.769239
 506 3 0.651527
 507 3 0.786538
 508 3 0.789153
 509 3 0.655917
 510 3 0.791175
 511 3 0.663911
 512 3 0.748860
 513 3 0.651420
 514 3 0.693994
 515 3 0.720413
 516 3 0.790677
 517 3 0.603679
 518 3 0.772147
 519 3 0.692661
 520 3 0.693779
 521 3 0.678631
 522 3 0.689070
 523 3 0.652561
 524 3 0.789643
 525 3 0.757899
 526 3 0.753068
 527 3 0.776206
 528 3 0.666000
 529 3 0.688153
 530 3 0.670413
 531 3 0.651118
 532 3 0.697439
 533 3 0.658840
 534 3 0.630899
 535 3 0.775908
 536 3 0.678853
 537 3 0.728399
 538 3 0.787805
 539 3 0.733893
 540 3 0.755318
 541 3 0.790868
 542 3 0.669005
 543 3 0.684552
 544 3 0.645609
 545 3 0.755509
 546 3 0.609696
 547 3 0.756605
 548 3 0.636167
 549 3 0.611259
 550 3 0.741552
 551 3 0.684471
 552 3 0.684069
 553 3 0.719719
 554 3 0.632945
 555 3 0.622909
 556 3 0.786678
 557 3 0.784667
 558 3 0.798212
 559 3 0.785302
 560 3 0.654869
 561 3 0.761881
 562 3 0.767620
 563 3 0.710903
 564 3 0.790650
 565 3 0.701809
 566 3 0.695361
 567 3 0.706463
 568 3 0.615138
 569 3 0.638191
 570 3 0.666251
 571 3 0.623418
 572 3 0.610564
 573 3 0.677212
 574 3 0.612681
 575 3 0.793967
 576 3 0.676520
 577 3 0.681339
 578 3 0.631448
 579 3 0.772669
 580 3 0.733809
 581 3 0.688265
 582 3 0.722711
 583 3 0.752357
 584 3 0.602309
 585 3 0.745121
 586 3 0.699163
 587 3 0.778505
 588 3 0.787694
 589 3 0.775787
 590 3 0.617142
 591 3 0.774627
 592 3 0.738814
 593 3 0.686427
 594 3 0.722080
 595 3 0.780526
 596 3 0.719816
 597 3 0.798414
 598 3 0.624398
 599 3 0.771572
 600 3 0.730808
 601 3 0.618937
 602 3 0.756688
 603 3 0.673432
 604 3 0.642330
 605 3 0.722574
 606 3 0.716440
 607 3 0.634095
 608 3 0.779734
 609 3 0.667007
 610 3 0.647803
 611 3 0.694451
 612 3 0.779553
 613 3 0.720969
 614 3 0.662665
 615 3 0.735840
 616 3 0.669792
 617 3 0.707456
 618 3 0.722076
 619 3 0.649118
 620 3 0.609810
 621 3 0.728443
 622 3 0.712531
 623 3 0.714357
 624 3 0.653639
 625 3 0.717478
 626 3 0.603141
 627 3 0.777771
 628 3 0.798663
 629 3 0.686795
 630 3 0.779139
 631 3 0.610288
 632 3 0.602150
 633 3 0.655530
 634 3 0.795808
 635 3 0.660879
 636 3 0.697807
 637 3 0.723266
 638 3 0.688776
 639 3 0.673112
 640 3 0.727025
 641 3 0.654607
 642 3 0.652583
 643 3 0.680719
 644 3 0.775920
 645 3 0.672964
 646 3 0.613465
 647 3 0.754802
 648 3 0.796507
 649 3 0.612650
 650 3 0.665859
 651 3 0.756719
 652 3 0.671746
 653 3 0.740562
 654 3 0.680967
 655 3 0.698859
 656 3 0.707518
 657 3 0.716188
 658 3 0.744326
 659 3 0.780592
 660 3 0.785584
 661 3 0.756347
 662 3 0.722126
 663 3 0.717189
 664 3 0.638353
 665 3 0.685260
 666 3 0.668881
 667 3 0.643066
 668 3 0.652340
 669 3 0.628476
 670 3 0.672052
 671 3 0.671576
 672 3 0.701736
 673 3 0.613482
 674 3 0.754072
 675 3 0.603643
 676 3 0.619488
 677 3 0.617070
 678 3 0.637712
 679 3 0.648094
 680 3 0.616443
 681 3 0.670144
 682 3 0.783050
 683 3 0.666993
 684 3 0.623279
 685 3 0.668711
 686 3 0.752098
 687 3 0.758408
 688 3 0.727017
 689 3 0.736527
 690 3 0.608428
 691 3 0.608811
 692 3 0.651172
 693 3 0.658927
 694 3 0.686733
 695 3 0.646826
 696 3 0.682440
 697 3 0.774883
 698 3 0.793343
 699 3 0.640518
 700 3 0.790145
 701 3 0.711530
 702 3 0.771742
 703 3 0.740191
 704 3 0.775306
 705 3 0.669418
 706 3 0.632316
 707 3 0.640667
 708 3 0.658724
 709 3 0.645388
 710 3 0.629644
 711 3 0.756321
 712 3 0.767291
 713 3 0.662638
 714 3 0.664602
 715 3 0.754429
 716 3 0.738141
 717 3 0.715382
 718 3 0.789842
 719 3 0.723097
 720 3 0.673218
 721 3 0.766225
 722 3 0.695633
 723 3 0.600063
 724 3 0.751299
 725 3 0.754183
 726 3 0.646186
 727 3 0.615704
 728 3 0.653546
 729 3 0.636203
 730 3 0.633233
 731 3 0.785492
 732 3 0.661491
 733 3 0.790263
 734 3 0.737478
 735 3 0.616141
 736 3 0.670200
 737 3 0.745601
 738 3 0.728627
 739 3 0.766794
 740 3 0.653889
 741 3 0.678168
 742 3 0.652097
 743 3 0.735673
 744 3 0.657889
 745 3 0.764040
 746 3 0.657764
 747 3 0.715312
 748 3 0.616753
 749 3 0.727463
 750 3 0.626425
 751 3 0.730594
 752 3 0.770225
 753 3 0.709575
 754 3 0.733220
 755 3 0.657104
 756 3 0.780006
 757 3 0.675779
 758 3 0.717617
 759 3 0.628855
 760 3 0.734992
 761 3 0.700656
 762 3 0.727239
 763 3 0.633254
 764 3 0.767182
 765 3 0.639889
 766 3 0.703756
 767 3 0.774965
 768 3 0.719770
 769 3 0.654892
 770 3 0.636274
 771 3 0.793628
 772 3 0.643574
 773 3 0.705590
 774 3 0.780561
 775 3 0.670384
 776 3 0.684560
 777 3 0.691429
 778 3 0.615126
 779 3 0.746431
 780 3 0.772695
 781 3 0.797527
 782 3 0.688845
 783 3 0.657397
 784 3 0.681104
 785 3 0.687284
 786 3 0.729271
 787 3 0.731617
 788 3 0.750472
 789 3 0.661962
 790 3 0.705761
 791 3 0.726068
 792 3 0.611295
 793 3 0.713245
 794 3 0.743965
 795 3 0.623593
 796 3 0.643535
 797 3 0.637920
 798 3 0.630015
 799 3 0.785997
 800 3 0.654807
 801 3 0.772018
 802 3 0.767357
 803 3 0.715722
 804 3 0.615179
 805 3 0.725855
 806 3 0.771209
 807 3 0.607471
 808 3 0.690197
 809 3 0.736034
 810 3 0.797025
 811 3 0.785572
 812 3 0.670483
 813 3 0.631155
 814 3 0.662687
 815 3 0.611193
 816 3 0.671129
 817 3 0.687572
 818 3 0.682977
 819 3 0.625544
 820 3 0.671564
 821 3 0.689619
 822 3 0.614654
 823 3 0.633268
 824 3 0.604814
 825 3 0.696717
 826 3 0.777495
 827 3 0.703266
 828 3 0.704842
 829 3 0.687737
 830 3 0.612058
 831 3 0.713580
 832 3 0.619918
 833 3 0.686867
 834 3 0.745545
 835 3 0.721076
 836 3 0.648853
 837 3 0.763152
 838 3 0.789207
 839 3 0.672274
 840 3 0.727836
 841 3 0.792913
 842 3 0.714734
 843 3 0.601547
 844 3 0.702933
 845 3 0.723948
 846 3 0.639484
 847 3 0.647364
 848 3 0.781079
 849 3 0.717186
 850 3 0.725123
 851 3 0.799090
 852 3 0.761541
 853 3 0.637765
 854 3 0.676207
 855 3 0.761383
 856 3 0.718902
 857 3 0.689069
 858 3 0.746954
 859 3 0.630781
 860 3 0.697575
 861 3 0.799512
 862 3 0.687566
 863 3 0.725731
 864 3 0.697557
 865 3 0.619150
 866 3 0.688153
 867 3 0.650032
 868 3 0.790074
 869 3 0.743576
 870 3 0.742947
 871 3 0.650386
 872 3 0.650053
 873 3 0.798374
 874 3 0.764616
 875 3 0.639970
 876 3 0.754089
 877 3 0.767581
 878 3 0.792315
 879 3 0.756097
 880 3 0.712165
 881 3 0.711016
 882 3 0.660919
 883 3 0.669982
 884 3 0.784393
 885 3 0.651474
 886 3 0.699673
 887 3 0.658200
 888 3 0.685820
 889 3 0.630011
 890 3 0.618563
 891 3 0.626844
 892 3 0.767676
 893 3 0.706704
 894 3 0.798477
 895 3 0.725240
 896 3 0.605072
 897 3 0.640866
 898 3 0.771870
 899 3 0.645453
 900 3 0.606260
 901 3 0.603903
 902 3 0.796085
 903 3 0.654160
 904 3 0.654511
 905 3 0.732097
 906 3 0.769386
 907 3 0.632265
 908 3 0.653728
 909 3 0.764973
 910 3 0.661573
 911 3 0.753964
 912 3 0.649684
 913 3 0.774761
 914 3 0.672242
 915 3 0.771676
 916 3 0.754549
 917 3 0.746910
 918 3 0.659327
 919 3 0.715661
 920 3 0.679980
 921 3 0.784136
 922 3 0.761865
 923 3 0.764185
 924 3 0.633779
 925 3 0.644354
 926 3 0.621501
 927 3 0.792789
 928 3 0.645594
 929 3 0.708475
 930 3 0.722000
 931 3 0.793753
 932 3 0.614987
 933 3 0.664090
 934 3 0.711545
 935 3 0.674864
 936 3 0.714883
 937 3 0.627758
 938 3 0.607361
 939 3 0.700141
 940 3 0.631631
 941 3 0.721154
 942 3 0.620664
 943 3 0.642321
 944 3 0.771849
 945 3 0.710263
 946 3 0.727942
 947 3 0.649910
 948 3 0.753774
 949 3 0.742790
 950 3 0.788096
 951 3 0.621206
 952 3 0.625707
 953 3 0.782340
 954 3 0.684852
 955 3 0.775262
 956 3 0.711422
 957 3 0.681217
 958 3 0.605082
 959 3 0.728391
 960 3 0.663062
 961 3 0.615076
 962 3 0.651094
 963 3 0.729357
 964 3 0.611545
 965 3 0.799716
 966 3 0.637053
 967 3 0.686995
 968 3 0.642496
 969 3 0.771389
 970 3 0.637132
 971 3 0.679805
 972 3 0.767306
 973 3 0.658677
 974 3 0.738583
 975 3 0.710447
 976 3 0.672634
 977 3 0.617040
 978 3 0.697162
 979 3 0.791332
 980 3 0.765133
 981 3 0.637817
 982 3 0.757526
 983 3 0.726872
 984 3 0.656581
 985 3 0.785349
 986 3 0.693550
 987 3 0.746438
 988 3 0.745255
 989 3 0.638928
 990 3 0.629083
 991 3 0.622097
 992 3 0.730242
 993 3 0.697462
 994 3 0.648451
 995 3 0.707681
 996 3 0.671671
 997 3 0.753323
 998 3 0.690952
 999 3 0.665491
1000 3 0.793321

=============================
3 0.799789 0.600063
   1 4 0.715336
   2 4 0.678308
   3 4 0.646918
   4 4 0.657712
   5 4 0.751572
   6 4 0.757732
   7 4 0.661882
   8 4 0.762326
   9 4 0.646803
  10 4 0.689065
  11 4 0.717670
  12 4 0.797226
  13 4 0.662680
  14 4 0.624562
  15 4 0.681816
  16 4 0.741005
  17 4 0.696418
  18 4 0.752440
  19 4 0.736696
  20 4 0.769773
  21 4 0.681989
  22 4 0.782145
  23 4 0.674038
  24 4 0.685009
  25 4 0.781581
  26 4 0.786296
  27 4 0.691804
  28 4 0.776071
  29 4 0.640952
  30 4 0.654750
  31 4 0.668896
  32 4 0.763379
  33 4 0.687786
  34 4 0.795813
  35 4 0.668614
  36 4 0.615908
  37 4 0.661764
  38 4 0.650926
  39 4 0.723268
  40 4 0.669092
  41 4 0.628838
  42 4 0.659202
  43 4 0.639749
  44 4 0.649123
  45 4 0.671558
  46 4 0.650617
  47 4 0.752366
  48 4 0.726830
  49 4 0.741686
  50 4 0.792020
  51 4 0.702625
  52 4 0.648898
  53 4 0.683564
  54 4 0.701158
  55 4 0.674555
  56 4 0.664259
  57 4 0.707298
  58 4 0.726913
  59 4 0.603534
  60 4 0.610158
  61 4 0.756326
  62 4 0.666433
  63 4 0.625326
  64 4 0.766496
  65 4 0.649003
  66 4 0.784219
  67 4 0.795569
  68 4 0.744495
  69 4 0.696903
  70 4 0.713521
  71 4 0.702004
  72 4 0.685015
  73 4 0.729323
  74 4 0.693569
  75 4 0.794535
  76 4 0.604959
  77 4 0.629982
  78 4 0.796788
  79 4 0.705828
  80 4 0.613237
  81 4 0.638423
  82 4 0.663432
  83 4 0.739335
  84 4 0.608477
  85 4 0.675716
  86 4 0.669972
  87 4 0.774435
  88 4 0.624736
  89 4 0.686471
  90 4 0.618509
  91 4 0.710316
  92 4 0.755169
  93 4 0.737773
  94 4 0.645377
  95 4 0.708711
  96 4 0.625931
  97 4 0.790262
  98 4 0.667639
  99 4 0.717998
 100 4 0.701449
 101 4 0.782272
 102 4 0.606936
 103 4 0.660623
 104 4 0.787435
 105 4 0.786047
 106 4 0.730950
 107 4 0.653503
 108 4 0.749165
 109 4 0.797087
 110 4 0.779296
 111 4 0.667676
 112 4 0.785093
 113 4 0.736271
 114 4 0.665165
 115 4 0.708244
 116 4 0.645055
 117 4 0.723410
 118 4 0.738812
 119 4 0.742047
 120 4 0.721011
 121 4 0.756026
 122 4 0.711247
 123 4 0.713472
 124 4 0.675225
 125 4 0.652738
 126 4 0.799901
 127 4 0.662441
 128 4 0.642274
 129 4 0.791734
 130 4 0.711322
 131 4 0.768089
 132 4 0.663985
 133 4 0.739204
 134 4 0.639748
 135 4 0.620301
 136 4 0.665091
 137 4 0.781471
 138 4 0.709549
 139 4 0.672935
 140 4 0.743226
 141 4 0.692934
 142 4 0.628113
 143 4 0.690798
 144 4 0.619250
 145 4 0.760693
 146 4 0.630959
 147 4 0.619241
 148 4 0.606103
 149 4 0.766201
 150 4 0.711396
 151 4 0.689142
 152 4 0.611912
 153 4 0.762921
 154 4 0.709305
 155 4 0.655517
 156 4 0.717000
 157 4 0.630374
 158 4 0.787978
 159 4 0.777454
 160 4 0.779347
 161 4 0.680906
 162 4 0.600320
 163 4 0.789793
 164 4 0.670095
 165 4 0.683707
 166 4 0.663896
 167 4 0.768916
 168 4 0.605935
 169 4 0.717184
 170 4 0.645567
 171 4 0.773661
 172 4 0.753917
 173 4 0.729617
 174 4 0.605228
 175 4 0.722789
 176 4 0.779380
 177 4 0.791935
 178 4 0.655533
 179 4 0.642039
 180 4 0.690702
 181 4 0.767599
 182 4 0.797696
 183 4 0.781871
 184 4 0.666019
 185 4 0.714006
 186 4 0.636803
 187 4 0.611184
 188 4 0.736896
 189 4 0.730582
 190 4 0.739414
 191 4 0.669093
 192 4 0.792907
 193 4 0.788832
 194 4 0.643883
 195 4 0.643574
 196 4 0.778833
 197 4 0.798887
 198 4 0.759713
 199 4 0.732068
 200 4 0.627497
 201 4 0.718457
 202 4 0.711772
 203 4 0.792220
 204 4 0.623586
 205 4 0.681625
 206 4 0.694327
 207 4 0.737781
 208 4 0.745400
 209 4 0.638526
 210 4 0.737601
 211 4 0.705035
 212 4 0.798444
 213 4 0.732336
 214 4 0.727119
 215 4 0.763245
 216 4 0.662829
 217 4 0.666442
 218 4 0.639027
 219 4 0.682269
 220 4 0.734340
 221 4 0.659655
 222 4 0.721599
 223 4 0.611916
 224 4 0.693733
 225 4 0.646217
 226 4 0.737673
 227 4 0.719248
 228 4 0.716697
 229 4 0.628085
 230 4 0.703424
 231 4 0.657313
 232 4 0.719127
 233 4 0.615488
 234 4 0.630763
 235 4 0.601605
 236 4 0.734439
 237 4 0.692623
 238 4 0.611921
 239 4 0.749916
 240 4 0.745012
 241 4 0.743547
 242 4 0.795385
 243 4 0.611837
 244 4 0.799583
 245 4 0.740751
 246 4 0.740637
 247 4 0.768727
 248 4 0.747886
 249 4 0.678846
 250 4 0.649832
 251 4 0.648078
 252 4 0.734943
 253 4 0.672573
 254 4 0.650153
 255 4 0.721287
 256 4 0.651096
 257 4 0.729868
 258 4 0.685462
 259 4 0.655314
 260 4 0.670121
 261 4 0.613419
 262 4 0.791085
 263 4 0.656876
 264 4 0.662810
 265 4 0.657015
 266 4 0.623812
 267 4 0.787248
 268 4 0.771602
 269 4 0.674673
 270 4 0.714374
 271 4 0.734920
 272 4 0.730826
 273 4 0.670521
 274 4 0.740754
 275 4 0.781122
 276 4 0.749247
 277 4 0.620882
 278 4 0.730504
 279 4 0.791566
 280 4 0.645578
 281 4 0.650612
 282 4 0.755585
 283 4 0.713692
 284 4 0.632076
 285 4 0.731594
 286 4 0.712880
 287 4 0.724891
 288 4 0.640497
 289 4 0.672945
 290 4 0.672067
 291 4 0.656836
 292 4 0.736783
 293 4 0.670957
 294 4 0.741351
 295 4 0.650645
 296 4 0.655694
 297 4 0.790505
 298 4 0.608530
 299 4 0.752429
 300 4 0.657771
 301 4 0.700663
 302 4 0.714420
 303 4 0.765479
 304 4 0.790119
 305 4 0.705838
 306 4 0.632680
 307 4 0.757310
 308 4 0.643902
 309 4 0.685655
 310 4 0.622572
 311 4 0.610286
 312 4 0.657835
 313 4 0.726837
 314 4 0.671604
 315 4 0.634773
 316 4 0.621444
 317 4 0.703342
 318 4 0.664204
 319 4 0.614757
 320 4 0.602070
 321 4 0.638898
 322 4 0.612019
 323 4 0.683963
 324 4 0.664279
 325 4 0.764122
 326 4 0.788792
 327 4 0.790475
 328 4 0.731848
 329 4 0.793868
 330 4 0.640237
 331 4 0.765897
 332 4 0.693435
 333 4 0.690015
 334 4 0.720961
 335 4 0.663289
 336 4 0.631744
 337 4 0.750561
 338 4 0.786429
 339 4 0.671015
 340 4 0.767536
 341 4 0.771347
 342 4 0.653285
 343 4 0.729945
 344 4 0.713565
 345 4 0.624212
 346 4 0.696329
 347 4 0.611880
 348 4 0.710540
 349 4 0.641335
 350 4 0.726095
 351 4 0.603780
 352 4 0.695091
 353 4 0.764135
 354 4 0.652767
 355 4 0.782589
 356 4 0.762848
 357 4 0.741725
 358 4 0.625828
 359 4 0.747955
 360 4 0.740230
 361 4 0.728596
 362 4 0.678030
 363 4 0.764802
 364 4 0.791079
 365 4 0.692454
 366 4 0.662501
 367 4 0.725924
 368 4 0.714918
 369 4 0.754467
 370 4 0.735580
 371 4 0.743120
 372 4 0.787386
 373 4 0.760734
 374 4 0.674102
 375 4 0.697825
 376 4 0.608708
 377 4 0.608342
 378 4 0.667914
 379 4 0.681501
 380 4 0.674815
 381 4 0.741656
 382 4 0.723880
 383 4 0.712049
 384 4 0.650981
 385 4 0.771365
 386 4 0.749708
 387 4 0.629651
 388 4 0.664104
 389 4 0.638379
 390 4 0.711571
 391 4 0.721297
 392 4 0.763518
 393 4 0.782059
 394 4 0.795749
 395 4 0.762595
 396 4 0.739767
 397 4 0.623173
 398 4 0.608487
 399 4 0.738196
 400 4 0.709898
 401 4 0.607899
 402 4 0.670902
 403 4 0.675550
 404 4 0.709535
 405 4 0.640109
 406 4 0.792767
 407 4 0.633620
 408 4 0.794445
 409 4 0.648080
 410 4 0.608688
 411 4 0.783680
 412 4 0.745717
 413 4 0.667318
 414 4 0.732229
 415 4 0.689491
 416 4 0.657738
 417 4 0.647698
 418 4 0.701485
 419 4 0.761221
 420 4 0.630376
 421 4 0.605818
 422 4 0.767324
 423 4 0.722388
 424 4 0.746497
 425 4 0.702902
 426 4 0.615981
 427 4 0.692708
 428 4 0.680279
 429 4 0.768254
 430 4 0.617342
 431 4 0.627320
 432 4 0.678695
 433 4 0.682666
 434 4 0.687298
 435 4 0.712002
 436 4 0.686278
 437 4 0.651214
 438 4 0.785069
 439 4 0.669867
 440 4 0.727978
 441 4 0.753944
 442 4 0.641876
 443 4 0.764496
 444 4 0.768364
 445 4 0.612458
 446 4 0.667305
 447 4 0.699773
 448 4 0.798991
 449 4 0.778891
 450 4 0.796811
 451 4 0.660562
 452 4 0.797581
 453 4 0.610057
 454 4 0.776106
 455 4 0.683968
 456 4 0.772979
 457 4 0.640398
 458 4 0.731535
 459 4 0.688184
 460 4 0.768875
 461 4 0.726868
 462 4 0.641490
 463 4 0.682966
 464 4 0.684320
 465 4 0.635522
 466 4 0.760267
 467 4 0.638903
 468 4 0.657835
 469 4 0.749512
 470 4 0.731486
 471 4 0.690273
 472 4 0.648754
 473 4 0.797212
 474 4 0.777752
 475 4 0.632277
 476 4 0.674835
 477 4 0.797471
 478 4 0.646365
 479 4 0.648755
 480 4 0.694729
 481 4 0.692986
 482 4 0.712824
 483 4 0.682265
 484 4 0.613357
 485 4 0.762211
 486 4 0.752337
 487 4 0.796020
 488 4 0.603192
 489 4 0.620907
 490 4 0.775514
 491 4 0.671764
 492 4 0.757014
 493 4 0.744397
 494 4 0.683811
 495 4 0.641317
 496 4 0.773968
 497 4 0.725620
 498 4 0.607913
 499 4 0.706887
 500 4 0.738037
 501 4 0.705909
 502 4 0.790965
 503 4 0.739962
 504 4 0.673530
 505 4 0.703579
 506 4 0.783974
 507 4 0.663942
 508 4 0.739302
 509 4 0.648790
 510 4 0.665372
 511 4 0.688344
 512 4 0.668679
 513 4 0.610031
 514 4 0.687426
 515 4 0.780197
 516 4 0.676565
 517 4 0.709497
 518 4 0.768824
 519 4 0.774875
 520 4 0.698983
 521 4 0.647330
 522 4 0.724702
 523 4 0.692173
 524 4 0.743228
 525 4 0.603438
 526 4 0.620387
 527 4 0.777958
 528 4 0.661297
 529 4 0.644807
 530 4 0.611684
 531 4 0.770406
 532 4 0.779532
 533 4 0.604327
 534 4 0.610460
 535 4 0.624714
 536 4 0.615161
 537 4 0.621115
 538 4 0.763572
 539 4 0.788774
 540 4 0.623597
 541 4 0.707863
 542 4 0.774842
 543 4 0.631285
 544 4 0.762475
 545 4 0.791884
 546 4 0.693339
 547 4 0.781969
 548 4 0.603624
 549 4 0.614061
 550 4 0.734435
 551 4 0.602924
 552 4 0.632053
 553 4 0.704768
 554 4 0.642787
 555 4 0.618562
 556 4 0.798165
 557 4 0.668672
 558 4 0.734891
 559 4 0.708239
 560 4 0.683957
 561 4 0.773161
 562 4 0.796128
 563 4 0.761076
 564 4 0.757076
 565 4 0.637385
 566 4 0.623449
 567 4 0.776774
 568 4 0.668848
 569 4 0.725731
 570 4 0.605280
 571 4 0.641133
 572 4 0.799006
 573 4 0.611943
 574 4 0.768393
 575 4 0.669528
 576 4 0.776811
 577 4 0.638174
 578 4 0.648512
 579 4 0.716144
 580 4 0.757988
 581 4 0.681486
 582 4 0.659086
 583 4 0.665042
 584 4 0.631097
 585 4 0.735797
 586 4 0.647731
 587 4 0.615079
 588 4 0.681022
 589 4 0.621541
 590 4 0.601675
 591 4 0.695962
 592 4 0.664063
 593 4 0.635912
 594 4 0.778334
 595 4 0.703108
 596 4 0.604232
 597 4 0.757558
 598 4 0.697500
 599 4 0.610999
 600 4 0.770295
 601 4 0.618731
 602 4 0.645046
 603 4 0.673935
 604 4 0.717045
 605 4 0.643352
 606 4 0.777347
 607 4 0.713007
 608 4 0.698722
 609 4 0.656368
 610 4 0.686761
 611 4 0.600897
 612 4 0.777438
 613 4 0.762212
 614 4 0.777674
 615 4 0.644068
 616 4 0.705230
 617 4 0.763385
 618 4 0.745068
 619 4 0.693956
 620 4 0.685967
 621 4 0.621267
 622 4 0.600898
 623 4 0.667781
 624 4 0.732029
 625 4 0.617310
 626 4 0.757532
 627 4 0.610166
 628 4 0.712061
 629 4 0.634570
 630 4 0.750365
 631 4 0.706884
 632 4 0.612658
 633 4 0.782656
 634 4 0.693273
 635 4 0.763508
 636 4 0.789512
 637 4 0.744040
 638 4 0.737582
 639 4 0.669079
 640 4 0.746304
 641 4 0.764669
 642 4 0.655697
 643 4 0.735510
 644 4 0.629279
 645 4 0.706037
 646 4 0.781145
 647 4 0.622931
 648 4 0.684324
 649 4 0.738532
 650 4 0.620311
 651 4 0.733866
 652 4 0.767718
 653 4 0.788112
 654 4 0.634390
 655 4 0.770125
 656 4 0.795871
 657 4 0.739133
 658 4 0.641636
 659 4 0.733970
 660 4 0.779800
 661 4 0.798697
 662 4 0.789144
 663 4 0.624714
 664 4 0.713634
 665 4 0.739745
 666 4 0.713073
 667 4 0.743442
 668 4 0.701244
 669 4 0.712581
 670 4 0.660222
 671 4 0.611720
 672 4 0.708736
 673 4 0.673521
 674 4 0.676801
 675 4 0.640493
 676 4 0.634953
 677 4 0.725816
 678 4 0.633515
 679 4 0.729768
 680 4 0.627539
 681 4 0.792424
 682 4 0.764807
 683 4 0.719284
 684 4 0.747570
 685 4 0.682579
 686 4 0.770615
 687 4 0.656768
 688 4 0.601703
 689 4 0.732775
 690 4 0.751155
 691 4 0.777631
 692 4 0.798393
 693 4 0.607485
 694 4 0.713025
 695 4 0.769090
 696 4 0.663532
 697 4 0.626037
 698 4 0.610760
 699 4 0.779319
 700 4 0.666807
 701 4 0.748567
 702 4 0.690925
 703 4 0.759021
 704 4 0.780398
 705 4 0.672530
 706 4 0.792251
 707 4 0.643928
 708 4 0.601053
 709 4 0.644242
 710 4 0.607110
 711 4 0.657481
 712 4 0.647300
 713 4 0.604913
 714 4 0.791191
 715 4 0.741488
 716 4 0.779421
 717 4 0.702072
 718 4 0.798924
 719 4 0.732703
 720 4 0.664038
 721 4 0.751950
 722 4 0.600181
 723 4 0.754093
 724 4 0.742061
 725 4 0.767420
 726 4 0.789293
 727 4 0.614353
 728 4 0.782319
 729 4 0.672681
 730 4 0.634198
 731 4 0.706579
 732 4 0.767733
 733 4 0.606694
 734 4 0.738699
 735 4 0.685362
 736 4 0.751437
 737 4 0.607710
 738 4 0.704045
 739 4 0.773844
 740 4 0.798217
 741 4 0.693008
 742 4 0.720145
 743 4 0.638131
 744 4 0.678163
 745 4 0.656588
 746 4 0.768796
 747 4 0.737912
 748 4 0.618554
 749 4 0.745911
 750 4 0.791351
 751 4 0.681197
 752 4 0.758027
 753 4 0.733460
 754 4 0.612594
 755 4 0.797281
 756 4 0.722878
 757 4 0.738591
 758 4 0.740824
 759 4 0.665339
 760 4 0.617638
 761 4 0.646153
 762 4 0.667978
 763 4 0.605968
 764 4 0.620872
 765 4 0.646854
 766 4 0.668416
 767 4 0.744254
 768 4 0.726843
 769 4 0.709106
 770 4 0.743054
 771 4 0.716605
 772 4 0.687942
 773 4 0.703507
 774 4 0.793941
 775 4 0.625451
 776 4 0.670083
 777 4 0.602347
 778 4 0.634576
 779 4 0.758024
 780 4 0.713095
 781 4 0.700321
 782 4 0.649631
 783 4 0.632001
 784 4 0.746225
 785 4 0.661107
 786 4 0.741550
 787 4 0.695316
 788 4 0.668395
 789 4 0.775834
 790 4 0.774549
 791 4 0.709847
 792 4 0.628861
 793 4 0.656106
 794 4 0.627804
 795 4 0.722292
 796 4 0.655082
 797 4 0.622048
 798 4 0.772883
 799 4 0.723120
 800 4 0.796164
 801 4 0.631128
 802 4 0.625507
 803 4 0.677488
 804 4 0.612148
 805 4 0.717795
 806 4 0.614591
 807 4 0.637986
 808 4 0.621108
 809 4 0.662331
 810 4 0.600345
 811 4 0.688518
 812 4 0.653265
 813 4 0.611696
 814 4 0.619788
 815 4 0.750890
 816 4 0.772103
 817 4 0.663624
 818 4 0.755855
 819 4 0.751841
 820 4 0.773332
 821 4 0.678154
 822 4 0.636965
 823 4 0.656538
 824 4 0.716555
 825 4 0.797650
 826 4 0.749794
 827 4 0.615334
 828 4 0.643125
 829 4 0.741961
 830 4 0.658124
 831 4 0.621964
 832 4 0.714896
 833 4 0.676126
 834 4 0.687557
 835 4 0.705843
 836 4 0.699953
 837 4 0.664669
 838 4 0.696984
 839 4 0.688905
 840 4 0.761742
 841 4 0.776302
 842 4 0.750621
 843 4 0.747486
 844 4 0.623087
 845 4 0.781434
 846 4 0.694406
 847 4 0.730465
 848 4 0.788914
 849 4 0.782778
 850 4 0.609125
 851 4 0.698221
 852 4 0.659829
 853 4 0.617830
 854 4 0.667922
 855 4 0.735645
 856 4 0.706109
 857 4 0.765575
 858 4 0.601074
 859 4 0.787768
 860 4 0.677542
 861 4 0.744585
 862 4 0.703647
 863 4 0.709256
 864 4 0.735490
 865 4 0.616909
 866 4 0.742281
 867 4 0.757820
 868 4 0.767935
 869 4 0.651232
 870 4 0.701923
 871 4 0.669833
 872 4 0.603792
 873 4 0.669092
 874 4 0.691955
 875 4 0.732132
 876 4 0.741254
 877 4 0.783786
 878 4 0.791742
 879 4 0.798527
 880 4 0.751052
 881 4 0.733131
 882 4 0.680512
 883 4 0.688635
 884 4 0.651761
 885 4 0.774575
 886 4 0.738971
 887 4 0.777288
 888 4 0.699896
 889 4 0.756268
 890 4 0.630013
 891 4 0.653582
 892 4 0.798750
 893 4 0.769088
 894 4 0.757811
 895 4 0.675733
 896 4 0.685839
 897 4 0.680370
 898 4 0.785251
 899 4 0.602568
 900 4 0.615913
 901 4 0.605255
 902 4 0.707295
 903 4 0.764620
 904 4 0.650673
 905 4 0.721714
 906 4 0.618829
 907 4 0.796013
 908 4 0.766814
 909 4 0.638215
 910 4 0.756438
 911 4 0.616422
 912 4 0.702647
 913 4 0.718880
 914 4 0.736673
 915 4 0.738812
 916 4 0.764160
 917 4 0.770620
 918 4 0.743759
 919 4 0.637498
 920 4 0.607107
 921 4 0.651941
 922 4 0.668901
 923 4 0.633128
 924 4 0.778566
 925 4 0.730626
 926 4 0.754322
 927 4 0.651456
 928 4 0.698438
 929 4 0.729224
 930 4 0.687821
 931 4 0.638394
 932 4 0.610763
 933 4 0.713441
 934 4 0.704032
 935 4 0.745249
 936 4 0.699883
 937 4 0.774102
 938 4 0.641796
 939 4 0.642531
 940 4 0.736748
 941 4 0.700386
 942 4 0.663448
 943 4 0.761605
 944 4 0.665059
 945 4 0.706776
 946 4 0.689884
 947 4 0.798058
 948 4 0.730734
 949 4 0.680310
 950 4 0.788078
 951 4 0.653780
 952 4 0.721090
 953 4 0.647729
 954 4 0.690753
 955 4 0.778509
 956 4 0.621977
 957 4 0.768724
 958 4 0.742105
 959 4 0.795978
 960 4 0.722040
 961 4 0.616023
 962 4 0.743363
 963 4 0.658328
 964 4 0.727223
 965 4 0.725011
 966 4 0.651844
 967 4 0.612419
 968 4 0.776361
 969 4 0.777657
 970 4 0.796123
 971 4 0.711159
 972 4 0.710692
 973 4 0.775407
 974 4 0.651072
 975 4 0.638220
 976 4 0.619832
 977 4 0.732488
 978 4 0.736177
 979 4 0.606690
 980 4 0.776794
 981 4 0.798726
 982 4 0.619570
 983 4 0.784793
 984 4 0.730599
 985 4 0.728172
 986 4 0.625957
 987 4 0.724603
 988 4 0.653520
 989 4 0.671530
 990 4 0.749568
 991 4 0.718821
 992 4 0.773091
 993 4 0.750624
 994 4 0.649132
 995 4 0.711936
 996 4 0.617789
 997 4 0.632069
 998 4 0.750234
 999 4 0.727462
1000 4 0.652011

=============================
4 0.799901 0.600181
   1 5 0.772001
   2 5 0.746721
   3 5 0.771172
   4 5 0.695965
   5 5 0.751521
   6 5 0.656819
   7 5 0.653477
   8 5 0.630673
   9 5 0.724571
  10 5 0.743158
  11 5 0.720214
  12 5 0.656909
  13 5 0.720439
  14 5 0.605751
  15 5 0.652708
  16 5 0.697204
  17 5 0.784772
  18 5 0.650804
  19 5 0.759440
  20 5 0.749014
  21 5 0.636410
  22 5 0.704637
  23 5 0.782277
  24 5 0.741752
  25 5 0.705616
  26 5 0.652108
  27 5 0.738837
  28 5 0.655075
  29 5 0.790284
  30 5 0.752055
  31 5 0.621336
  32 5 0.702979
  33 5 0.761135
  34 5 0.775205
  35 5 0.697503
  36 5 0.612112
  37 5 0.671243
  38 5 0.681235
  39 5 0.742723
  40 5 0.651472
  41 5 0.614752
  42 5 0.775847
  43 5 0.674247
  44 5 0.793884
  45 5 0.682308
  46 5 0.793208
  47 5 0.688279
  48 5 0.774911
  49 5 0.690327
  50 5 0.617844
  51 5 0.768472
  52 5 0.733944
  53 5 0.629476
  54 5 0.741938
  55 5 0.763459
  56 5 0.784343
  57 5 0.753994
  58 5 0.769375
  59 5 0.739318
  60 5 0.763941
  61 5 0.627198
  62 5 0.695016
  63 5 0.710289
  64 5 0.743262
  65 5 0.772626
  66 5 0.663102
  67 5 0.600271
  68 5 0.733064
  69 5 0.790867
  70 5 0.738691
  71 5 0.729425
  72 5 0.668593
  73 5 0.761729
  74 5 0.765063
  75 5 0.724003
  76 5 0.676075
  77 5 0.676219
  78 5 0.669554
  79 5 0.689595
  80 5 0.650302
  81 5 0.724536
  82 5 0.719306
  83 5 0.634887
  84 5 0.722360
  85 5 0.686911
  86 5 0.672314
  87 5 0.710132
  88 5 0.705232
  89 5 0.715814
  90 5 0.622479
  91 5 0.758574
  92 5 0.670328
  93 5 0.685162
  94 5 0.778998
  95 5 0.604749
  96 5 0.791231
  97 5 0.629662
  98 5 0.692876
  99 5 0.764100
 100 5 0.732149
 101 5 0.666868
 102 5 0.618082
 103 5 0.664370
 104 5 0.631757
 105 5 0.792931
 106 5 0.790176
 107 5 0.728354
 108 5 0.682714
 109 5 0.749589
 110 5 0.763224
 111 5 0.635841
 112 5 0.744806
 113 5 0.750440
 114 5 0.761853
 115 5 0.798929
 116 5 0.640008
 117 5 0.630306
 118 5 0.648692
 119 5 0.778163
 120 5 0.643506
 121 5 0.790759
 122 5 0.646528
 123 5 0.668864
 124 5 0.660351
 125 5 0.713865
 126 5 0.645540
 127 5 0.734217
 128 5 0.644268
 129 5 0.683228
 130 5 0.710689
 131 5 0.641405
 132 5 0.634691
 133 5 0.725051
 134 5 0.734439
 135 5 0.783238
 136 5 0.633457
 137 5 0.774082
 138 5 0.618519
 139 5 0.696910
 140 5 0.717447
 141 5 0.788194
 142 5 0.703442
 143 5 0.720102
 144 5 0.649914
 145 5 0.794248
 146 5 0.686368
 147 5 0.625454
 148 5 0.701204
 149 5 0.632548
 150 5 0.760156
 151 5 0.627245
 152 5 0.760351
 153 5 0.769433
 154 5 0.647911
 155 5 0.729705
 156 5 0.669896
 157 5 0.652691
 158 5 0.673750
 159 5 0.731259
 160 5 0.768278
 161 5 0.711764
 162 5 0.608793
 163 5 0.745281
 164 5 0.724722
 165 5 0.794978
 166 5 0.707301
 167 5 0.704673
 168 5 0.758378
 169 5 0.791126
 170 5 0.691383
 171 5 0.663498
 172 5 0.672257
 173 5 0.728748
 174 5 0.668142
 175 5 0.795082
 176 5 0.611413
 177 5 0.795670
 178 5 0.797230
 179 5 0.759699
 180 5 0.708861
 181 5 0.656397
 182 5 0.768956
 183 5 0.789148
 184 5 0.752405
 185 5 0.728227
 186 5 0.737686
 187 5 0.766089
 188 5 0.757424
 189 5 0.670309
 190 5 0.683215
 191 5 0.797055
 192 5 0.730959
 193 5 0.672708
 194 5 0.709131
 195 5 0.610508
 196 5 0.701223
 197 5 0.691558
 198 5 0.707097
 199 5 0.785455
 200 5 0.679586
 201 5 0.784604
 202 5 0.741926
 203 5 0.776722
 204 5 0.636663
 205 5 0.665555
 206 5 0.686160
 207 5 0.785399
 208 5 0.668678
 209 5 0.669410
 210 5 0.764490
 211 5 0.624395
 212 5 0.693555
 213 5 0.664081
 214 5 0.711614
 215 5 0.632897
 216 5 0.622681
 217 5 0.619546
 218 5 0.603857
 219 5 0.767817
 220 5 0.699375
 221 5 0.755046
 222 5 0.799668
 223 5 0.622809
 224 5 0.727968
 225 5 0.784347
 226 5 0.632295
 227 5 0.699860
 228 5 0.651243
 229 5 0.794067
 230 5 0.636936
 231 5 0.656861
 232 5 0.778493
 233 5 0.720164
 234 5 0.728987
 235 5 0.642028
 236 5 0.687761
 237 5 0.736104
 238 5 0.717990
 239 5 0.715561
 240 5 0.747572
 241 5 0.771946
 242 5 0.700111
 243 5 0.673914
 244 5 0.741033
 245 5 0.710891
 246 5 0.695463
 247 5 0.611842
 248 5 0.718501
 249 5 0.645231
 250 5 0.616110
 251 5 0.787960
 252 5 0.675520
 253 5 0.754207
 254 5 0.740228
 255 5 0.652212
 256 5 0.783294
 257 5 0.674755
 258 5 0.787308
 259 5 0.757226
 260 5 0.696282
 261 5 0.788790
 262 5 0.792889
 263 5 0.663784
 264 5 0.752480
 265 5 0.677278
 266 5 0.662250
 267 5 0.760497
 268 5 0.604167
 269 5 0.701972
 270 5 0.788610
 271 5 0.643746
 272 5 0.738550
 273 5 0.726443
 274 5 0.603967
 275 5 0.735458
 276 5 0.691377
 277 5 0.644534
 278 5 0.788957
 279 5 0.675601
 280 5 0.797708
 281 5 0.623194
 282 5 0.737432
 283 5 0.770573
 284 5 0.600444
 285 5 0.645415
 286 5 0.727099
 287 5 0.649068
 288 5 0.752615
 289 5 0.602366
 290 5 0.608112
 291 5 0.650824
 292 5 0.733537
 293 5 0.764529
 294 5 0.672589
 295 5 0.711118
 296 5 0.785351
 297 5 0.730282
 298 5 0.631020
 299 5 0.740399
 300 5 0.737985
 301 5 0.783006
 302 5 0.759163
 303 5 0.642011
 304 5 0.665483
 305 5 0.795778
 306 5 0.724180
 307 5 0.736758
 308 5 0.747426
 309 5 0.741157
 310 5 0.772153
 311 5 0.624897
 312 5 0.659848
 313 5 0.785302
 314 5 0.610571
 315 5 0.763261
 316 5 0.681109
 317 5 0.671485
 318 5 0.624113
 319 5 0.784294
 320 5 0.762955
 321 5 0.789078
 322 5 0.752332
 323 5 0.703230
 324 5 0.731663
 325 5 0.735865
 326 5 0.676429
 327 5 0.673328
 328 5 0.627281
 329 5 0.660182
 330 5 0.785201
 331 5 0.707719
 332 5 0.610751
 333 5 0.755360
 334 5 0.635052
 335 5 0.666649
 336 5 0.710560
 337 5 0.727927
 338 5 0.600727
 339 5 0.706698
 340 5 0.751001
 341 5 0.649897
 342 5 0.786674
 343 5 0.712721
 344 5 0.758046
 345 5 0.622593
 346 5 0.645518
 347 5 0.633832
 348 5 0.731048
 349 5 0.717671
 350 5 0.657443
 351 5 0.704405
 352 5 0.608091
 353 5 0.619737
 354 5 0.648081
 355 5 0.604535
 356 5 0.768317
 357 5 0.619093
 358 5 0.728980
 359 5 0.624893
 360 5 0.642564
 361 5 0.735609
 362 5 0.746400
 363 5 0.751591
 364 5 0.602456
 365 5 0.751191
 366 5 0.751215
 367 5 0.731316
 368 5 0.798295
 369 5 0.671394
 370 5 0.694537
 371 5 0.796186
 372 5 0.673596
 373 5 0.640133
 374 5 0.643109
 375 5 0.664385
 376 5 0.682648
 377 5 0.775773
 378 5 0.715053
 379 5 0.708395
 380 5 0.660861
 381 5 0.712362
 382 5 0.621945
 383 5 0.741615
 384 5 0.737337
 385 5 0.623451
 386 5 0.726279
 387 5 0.643206
 388 5 0.729156
 389 5 0.726547
 390 5 0.748434
 391 5 0.605866
 392 5 0.658754
 393 5 0.789438
 394 5 0.653716
 395 5 0.739401
 396 5 0.644177
 397 5 0.610500
 398 5 0.635420
 399 5 0.634739
 400 5 0.627744
 401 5 0.651546
 402 5 0.796449
 403 5 0.780709
 404 5 0.669393
 405 5 0.721018
 406 5 0.607996
 407 5 0.629714
 408 5 0.774963
 409 5 0.647745
 410 5 0.668190
 411 5 0.776912
 412 5 0.757541
 413 5 0.729718
 414 5 0.725803
 415 5 0.681155
 416 5 0.689401
 417 5 0.684556
 418 5 0.717172
 419 5 0.670296
 420 5 0.757979
 421 5 0.646637
 422 5 0.777102
 423 5 0.773894
 424 5 0.652136
 425 5 0.719310
 426 5 0.771067
 427 5 0.670340
 428 5 0.711628
 429 5 0.715634
 430 5 0.733884
 431 5 0.630458
 432 5 0.680287
 433 5 0.626914
 434 5 0.797814
 435 5 0.687409
 436 5 0.663024
 437 5 0.707963
 438 5 0.626093
 439 5 0.625119
 440 5 0.669283
 441 5 0.704394
 442 5 0.686889
 443 5 0.654203
 444 5 0.696862
 445 5 0.640188
 446 5 0.619017
 447 5 0.639975
 448 5 0.737430
 449 5 0.630798
 450 5 0.760179
 451 5 0.738390
 452 5 0.634801
 453 5 0.683182
 454 5 0.766979
 455 5 0.714981
 456 5 0.645992
 457 5 0.768765
 458 5 0.693547
 459 5 0.735326
 460 5 0.628733
 461 5 0.664260
 462 5 0.699838
 463 5 0.779013
 464 5 0.632954
 465 5 0.687887
 466 5 0.652037
 467 5 0.644480
 468 5 0.627589
 469 5 0.774261
 470 5 0.740559
 471 5 0.654522
 472 5 0.764434
 473 5 0.762784
 474 5 0.654353
 475 5 0.712153
 476 5 0.739098
 477 5 0.667725
 478 5 0.728216
 479 5 0.686013
 480 5 0.653833
 481 5 0.719591
 482 5 0.630402
 483 5 0.791263
 484 5 0.775037
 485 5 0.691464
 486 5 0.727146
 487 5 0.615623
 488 5 0.780066
 489 5 0.645961
 490 5 0.656575
 491 5 0.668458
 492 5 0.711354
 493 5 0.758131
 494 5 0.612254
 495 5 0.681731
 496 5 0.780230
 497 5 0.622853
 498 5 0.769786
 499 5 0.624963
 500 5 0.769688
 501 5 0.613423
 502 5 0.795077
 503 5 0.657014
 504 5 0.612490
 505 5 0.705078
 506 5 0.704321
 507 5 0.688185
 508 5 0.607789
 509 5 0.696853
 510 5 0.618199
 511 5 0.704688
 512 5 0.690744
 513 5 0.603920
 514 5 0.766484
 515 5 0.769321
 516 5 0.710118
 517 5 0.715656
 518 5 0.709024
 519 5 0.773943
 520 5 0.615365
 521 5 0.608615
 522 5 0.609834
 523 5 0.740832
 524 5 0.691810
 525 5 0.730499
 526 5 0.727020
 527 5 0.723306
 528 5 0.607892
 529 5 0.735184
 530 5 0.634933
 531 5 0.655809
 532 5 0.794941
 533 5 0.656539
 534 5 0.664578
 535 5 0.607585
 536 5 0.766764
 537 5 0.642196
 538 5 0.729465
 539 5 0.797230
 540 5 0.716289
 541 5 0.749581
 542 5 0.678795
 543 5 0.706693
 544 5 0.724777
 545 5 0.731485
 546 5 0.712095
 547 5 0.710644
 548 5 0.742184
 549 5 0.682478
 550 5 0.631335
 551 5 0.656713
 552 5 0.700539
 553 5 0.744095
 554 5 0.752660
 555 5 0.752031
 556 5 0.689497
 557 5 0.631728
 558 5 0.788416
 559 5 0.743379
 560 5 0.605585
 561 5 0.779446
 562 5 0.662325
 563 5 0.747618
 564 5 0.741775
 565 5 0.611052
 566 5 0.702399
 567 5 0.719216
 568 5 0.682577
 569 5 0.750145
 570 5 0.614806
 571 5 0.701571
 572 5 0.621581
 573 5 0.670896
 574 5 0.702685
 575 5 0.715241
 576 5 0.683683
 577 5 0.785375
 578 5 0.631950
 579 5 0.646522
 580 5 0.760961
 581 5 0.732856
 582 5 0.732817
 583 5 0.600632
 584 5 0.782373
 585 5 0.676498
 586 5 0.759710
 587 5 0.667390
 588 5 0.631480
 589 5 0.798936
 590 5 0.637346
 591 5 0.654062
 592 5 0.789012
 593 5 0.630910
 594 5 0.711012
 595 5 0.739662
 596 5 0.603274
 597 5 0.689962
 598 5 0.663575
 599 5 0.672092
 600 5 0.638256
 601 5 0.608513
 602 5 0.673314
 603 5 0.766130
 604 5 0.616868
 605 5 0.659215
 606 5 0.618060
 607 5 0.745494
 608 5 0.627672
 609 5 0.799976
 610 5 0.774344
 611 5 0.626797
 612 5 0.760199
 613 5 0.717734
 614 5 0.659817
 615 5 0.710064
 616 5 0.653164
 617 5 0.717176
 618 5 0.609032
 619 5 0.606654
 620 5 0.784163
 621 5 0.625972
 622 5 0.766617
 623 5 0.703391
 624 5 0.634750
 625 5 0.634866
 626 5 0.736961
 627 5 0.736333
 628 5 0.624788
 629 5 0.665741
 630 5 0.784743
 631 5 0.601530
 632 5 0.656608
 633 5 0.602703
 634 5 0.759169
 635 5 0.649768
 636 5 0.674782
 637 5 0.668636
 638 5 0.659608
 639 5 0.620139
 640 5 0.756329
 641 5 0.604161
 642 5 0.731230
 643 5 0.739551
 644 5 0.774416
 645 5 0.625349
 646 5 0.675551
 647 5 0.740175
 648 5 0.634117
 649 5 0.681601
 650 5 0.659641
 651 5 0.787829
 652 5 0.750877
 653 5 0.674705
 654 5 0.769604
 655 5 0.675341
 656 5 0.645677
 657 5 0.733266
 658 5 0.684630
 659 5 0.650232
 660 5 0.617606
 661 5 0.715248
 662 5 0.665031
 663 5 0.662217
 664 5 0.623076
 665 5 0.658421
 666 5 0.612057
 667 5 0.756862
 668 5 0.671917
 669 5 0.792388
 670 5 0.676844
 671 5 0.716596
 672 5 0.786832
 673 5 0.741963
 674 5 0.767821
 675 5 0.725257
 676 5 0.784753
 677 5 0.633867
 678 5 0.648187
 679 5 0.738049
 680 5 0.712789
 681 5 0.634501
 682 5 0.695529
 683 5 0.681561
 684 5 0.667045
 685 5 0.644574
 686 5 0.631669
 687 5 0.694970
 688 5 0.691310
 689 5 0.768789
 690 5 0.770272
 691 5 0.628981
 692 5 0.626993
 693 5 0.710978
 694 5 0.634212
 695 5 0.637652
 696 5 0.730811
 697 5 0.693388
 698 5 0.673678
 699 5 0.664625
 700 5 0.601143
 701 5 0.668116
 702 5 0.748765
 703 5 0.704158
 704 5 0.745878
 705 5 0.761906
 706 5 0.762817
 707 5 0.675093
 708 5 0.735030
 709 5 0.622288
 710 5 0.679315
 711 5 0.756301
 712 5 0.715664
 713 5 0.798983
 714 5 0.704600
 715 5 0.708286
 716 5 0.695745
 717 5 0.661634
 718 5 0.657163
 719 5 0.709464
 720 5 0.612877
 721 5 0.677003
 722 5 0.606220
 723 5 0.648349
 724 5 0.727616
 725 5 0.714987
 726 5 0.748785
 727 5 0.763456
 728 5 0.733531
 729 5 0.609627
 730 5 0.780567
 731 5 0.686889
 732 5 0.624116
 733 5 0.779001
 734 5 0.653903
 735 5 0.658879
 736 5 0.688127
 737 5 0.769858
 738 5 0.760402
 739 5 0.621856
 740 5 0.741689
 741 5 0.690590
 742 5 0.616120
 743 5 0.731636
 744 5 0.685834
 745 5 0.755351
 746 5 0.786978
 747 5 0.762435
 748 5 0.709727
 749 5 0.739812
 750 5 0.659453
 751 5 0.609013
 752 5 0.767429
 753 5 0.737008
 754 5 0.768229
 755 5 0.715791
 756 5 0.625464
 757 5 0.668018
 758 5 0.726966
 759 5 0.776593
 760 5 0.624780
 761 5 0.796634
 762 5 0.723487
 763 5 0.731448
 764 5 0.600133
 765 5 0.773170
 766 5 0.633515
 767 5 0.748446
 768 5 0.677736
 769 5 0.609346
 770 5 0.692289
 771 5 0.734462
 772 5 0.726037
 773 5 0.741183
 774 5 0.628576
 775 5 0.609415
 776 5 0.632956
 777 5 0.780805
 778 5 0.637571
 779 5 0.600950
 780 5 0.741639
 781 5 0.693399
 782 5 0.699483
 783 5 0.781465
 784 5 0.700641
 785 5 0.786171
 786 5 0.605716
 787 5 0.768267
 788 5 0.642101
 789 5 0.750561
 790 5 0.619049
 791 5 0.733545
 792 5 0.674635
 793 5 0.642619
 794 5 0.692314
 795 5 0.679130
 796 5 0.709011
 797 5 0.685235
 798 5 0.618476
 799 5 0.797496
 800 5 0.695177
 801 5 0.731218
 802 5 0.607593
 803 5 0.634096
 804 5 0.779986
 805 5 0.741086
 806 5 0.600300
 807 5 0.688609
 808 5 0.613454
 809 5 0.762234
 810 5 0.719097
 811 5 0.665958
 812 5 0.727766
 813 5 0.610212
 814 5 0.798978
 815 5 0.636248
 816 5 0.675266
 817 5 0.638057
 818 5 0.686886
 819 5 0.727630
 820 5 0.784851
 821 5 0.775246
 822 5 0.636982
 823 5 0.671738
 824 5 0.682494
 825 5 0.663245
 826 5 0.621330
 827 5 0.627485
 828 5 0.642447
 829 5 0.765850
 830 5 0.709286
 831 5 0.673155
 832 5 0.753974
 833 5 0.757770
 834 5 0.702912
 835 5 0.737852
 836 5 0.620905
 837 5 0.740797
 838 5 0.737985
 839 5 0.633218
 840 5 0.673786
 841 5 0.675677
 842 5 0.671717
 843 5 0.725231
 844 5 0.620868
 845 5 0.710864
 846 5 0.631297
 847 5 0.630428
 848 5 0.713834
 849 5 0.712716
 850 5 0.796555
 851 5 0.619000
 852 5 0.712993
 853 5 0.636687
 854 5 0.718297
 855 5 0.683316
 856 5 0.701950
 857 5 0.653629
 858 5 0.775440
 859 5 0.627939
 860 5 0.659038
 861 5 0.775336
 862 5 0.690067
 863 5 0.665109
 864 5 0.785081
 865 5 0.772599
 866 5 0.638893
 867 5 0.773298
 868 5 0.797028
 869 5 0.630241
 870 5 0.699981
 871 5 0.779010
 872 5 0.745418
 873 5 0.657026
 874 5 0.619015
 875 5 0.639642
 876 5 0.618784
 877 5 0.612541
 878 5 0.623067
 879 5 0.706248
 880 5 0.610085
 881 5 0.766279
 882 5 0.782998
 883 5 0.636907
 884 5 0.749605
 885 5 0.756781
 886 5 0.687584
 887 5 0.671875
 888 5 0.755986
 889 5 0.638006
 890 5 0.775389
 891 5 0.615555
 892 5 0.716970
 893 5 0.648884
 894 5 0.695512
 895 5 0.736734
 896 5 0.674370
 897 5 0.657941
 898 5 0.727586
 899 5 0.651200
 900 5 0.715874
 901 5 0.617576
 902 5 0.604506
 903 5 0.737013
 904 5 0.600854
 905 5 0.627455
 906 5 0.638882
 907 5 0.695063
 908 5 0.785639
 909 5 0.656339
 910 5 0.782967
 911 5 0.671717
 912 5 0.716784
 913 5 0.628855
 914 5 0.792958
 915 5 0.700293
 916 5 0.695762
 917 5 0.746611
 918 5 0.766824
 919 5 0.646182
 920 5 0.744761
 921 5 0.772572
 922 5 0.698907
 923 5 0.607563
 924 5 0.742836
 925 5 0.614382
 926 5 0.723693
 927 5 0.796497
 928 5 0.779428
 929 5 0.622406
 930 5 0.779106
 931 5 0.776050
 932 5 0.718744
 933 5 0.784973
 934 5 0.783626
 935 5 0.616266
 936 5 0.700509
 937 5 0.612109
 938 5 0.789955
 939 5 0.601155
 940 5 0.631644
 941 5 0.641662
 942 5 0.767655
 943 5 0.777692
 944 5 0.668573
 945 5 0.621289
 946 5 0.714998
 947 5 0.767205
 948 5 0.772569
 949 5 0.689828
 950 5 0.658998
 951 5 0.767659
 952 5 0.681960
 953 5 0.739952
 954 5 0.797980
 955 5 0.697098
 956 5 0.774269
 957 5 0.695032
 958 5 0.661884
 959 5 0.676241
 960 5 0.782937
 961 5 0.762260
 962 5 0.677656
 963 5 0.708892
 964 5 0.750735
 965 5 0.726636
 966 5 0.677883
 967 5 0.769344
 968 5 0.780634
 969 5 0.604844
 970 5 0.666961
 971 5 0.657712
 972 5 0.628076
 973 5 0.752789
 974 5 0.714725
 975 5 0.762200
 976 5 0.784354
 977 5 0.707862
 978 5 0.641017
 979 5 0.642050
 980 5 0.627949
 981 5 0.674983
 982 5 0.701842
 983 5 0.605806
 984 5 0.659111
 985 5 0.765897
 986 5 0.606220
 987 5 0.709808
 988 5 0.629456
 989 5 0.691228
 990 5 0.717132
 991 5 0.668065
 992 5 0.740471
 993 5 0.644334
 994 5 0.786958
 995 5 0.605845
 996 5 0.770677
 997 5 0.683294
 998 5 0.738698
 999 5 0.753713
1000 5 0.795277

=============================
5 0.799976 0.600133
