 500.0  32.035  500.0 0 1 0.000000 0.000000 0.000000
  52.0  27.994   52.0 0 1 0.000000 0.000000 0.000000
  31.0   3.096   31.0 0 1 0.000000 0.000000 0.000000
  55.0   5.119   55.0 0 1 0.000000 0.000000 0.000000
  57.0   0.265   57.0 0 1 0.000000 0.000000 0.000000
 500.0  44.576  500.0 0 1 0.000000 0.000000 0.000000
  95.0  14.646   95.0 0 1 0.000000 0.000000 0.000000
  21.0   3.950   21.0 0 1 0.000000 0.000000 0.000000
  41.0   6.696   41.0 0 1 0.000000 0.000000 0.000000
  23.0   4.721   23.0 0 1 0.000000 0.000000 0.000000
 500.0  34.329  500.0 0 1 0.000000 0.000000 0.000000
  32.0   2.212   32.0 0 1 0.000000 0.000000 0.000000
  65.0   0.251   65.0 0 1 0.000000 0.000000 0.000000
  57.0  27.948   57.0 0 1 0.000000 0.000000 0.000000
  86.0  14.451   86.0 0 1 0.000000 0.000000 0.000000
 500.0  87.849  500.0 0 1 0.000000 0.000000 0.000000
  22.0   0.368   22.0 0 1 0.000000 0.000000 0.000000
  72.0  34.939   72.0 0 1 0.000000 0.000000 0.000000
  11.0   1.083   11.0 0 1 0.000000 0.000000 0.000000
  93.0   2.218   93.0 0 1 0.000000 0.000000 0.000000
 500.0  25.581  500.0 0 1 0.000000 0.000000 0.000000
  46.0   1.089   46.0 0 1 0.000000 0.000000 0.000000
  35.0   7.172   35.0 0 1 0.000000 0.000000 0.000000
  65.0  15.080   65.0 0 1 0.000000 0.000000 0.000000
  51.0  14.700   51.0 0 1 0.000000 0.000000 0.000000
  52.0  27.994   52.0 0 1 0.000000 0.000000 0.000000
 500.0  32.035  500.0 0 1 0.000000 0.000000 0.000000
  31.0   3.096   31.0 0 1 0.000000 0.000000 0.000000
  55.0   5.119   55.0 0 1 0.000000 0.000000 0.000000
  57.0   0.265   57.0 0 1 0.000000 0.000000 0.000000
  95.0  14.646   95.0 0 1 0.000000 0.000000 0.000000
 500.0  44.576  500.0 0 1 0.000000 0.000000 0.000000
  21.0   3.950   21.0 0 1 0.000000 0.000000 0.000000
  41.0   6.696   41.0 0 1 0.000000 0.000000 0.000000
  23.0   4.721   23.0 0 1 0.000000 0.000000 0.000000
  32.0   2.212   32.0 0 1 0.000000 0.000000 0.000000
 500.0  34.329  500.0 0 1 0.000000 0.000000 0.000000
  65.0   0.251   65.0 0 1 0.000000 0.000000 0.000000
  57.0  27.948   57.0 0 1 0.000000 0.000000 0.000000
  86.0  14.451   86.0 0 1 0.000000 0.000000 0.000000
  22.0   0.368   22.0 0 1 0.000000 0.000000 0.000000
 500.0  87.849  500.0 0 1 0.000000 0.000000 0.000000
  72.0  34.939   72.0 0 1 0.000000 0.000000 0.000000
  11.0   1.083   11.0 0 1 0.000000 0.000000 0.000000
  93.0   2.218   93.0 0 1 0.000000 0.000000 0.000000
  46.0   1.089   46.0 0 1 0.000000 0.000000 0.000000
 500.0  25.581  500.0 0 1 0.000000 0.000000 0.000000
  35.0   7.172   35.0 0 1 0.000000 0.000000 0.000000
  65.0  15.080   65.0 0 1 0.000000 0.000000 0.000000
  51.0  14.700   51.0 0 1 0.000000 0.000000 0.000000
  52.0  27.994   52.0 0 1 0.000000 0.000000 0.000000
  31.0   3.096   31.0 0 1 0.000000 0.000000 0.000000
 500.0  32.035  500.0 0 1 0.000000 0.000000 0.000000
  55.0   5.119   55.0 0 1 0.000000 0.000000 0.000000
  57.0   0.265   57.0 0 1 0.000000 0.000000 0.000000
  95.0  14.646   95.0 0 1 0.000000 0.000000 0.000000
  21.0   3.950   21.0 0 1 0.000000 0.000000 0.000000
 500.0  44.576  500.0 0 1 0.000000 0.000000 0.000000
  41.0   6.696   41.0 0 1 0.000000 0.000000 0.000000
  23.0   4.721   23.0 0 1 0.000000 0.000000 0.000000
  32.0   2.212   32.0 0 1 0.000000 0.000000 0.000000
  65.0   0.251   65.0 0 1 0.000000 0.000000 0.000000
 500.0  34.329  500.0 0 1 0.000000 0.000000 0.000000
  57.0  27.948   57.0 0 1 0.000000 0.000000 0.000000
  86.0  14.451   86.0 0 1 0.000000 0.000000 0.000000
  22.0   0.368   22.0 0 1 0.000000 0.000000 0.000000
  72.0  34.939   72.0 0 1 0.000000 0.000000 0.000000
 500.0  87.849  500.0 0 1 0.000000 0.000000 0.000000
  11.0   1.083   11.0 0 1 0.000000 0.000000 0.000000
  93.0   2.218   93.0 0 1 0.000000 0.000000 0.000000
  46.0   1.089   46.0 0 1 0.000000 0.000000 0.000000
  35.0   7.172   35.0 0 1 0.000000 0.000000 0.000000
 500.0  25.581  500.0 0 1 0.000000 0.000000 0.000000
  65.0  15.080   65.0 0 1 0.000000 0.000000 0.000000
  51.0  14.700   51.0 0 1 0.000000 0.000000 0.000000
  52.0  27.994   52.0 0 1 0.000000 0.000000 0.000000
  31.0   3.096   31.0 0 1 0.000000 0.000000 0.000000
  55.0   5.119   55.0 0 1 0.000000 0.000000 0.000000
 500.0  32.035  500.0 0 1 0.000000 0.000000 0.000000
  57.0   0.265   57.0 0 1 0.000000 0.000000 0.000000
  95.0  14.646   95.0 0 1 0.000000 0.000000 0.000000
  21.0   3.950   21.0 0 1 0.000000 0.000000 0.000000
  41.0   6.696   41.0 0 1 0.000000 0.000000 0.000000
 500.0  44.576  500.0 0 1 0.000000 0.000000 0.000000
  23.0   4.721   23.0 0 1 0.000000 0.000000 0.000000
  32.0   2.212   32.0 0 1 0.000000 0.000000 0.000000
  65.0   0.251   65.0 0 1 0.000000 0.000000 0.000000
  57.0  27.948   57.0 0 1 0.000000 0.000000 0.000000
 500.0  34.329  500.0 0 1 0.000000 0.000000 0.000000
  86.0  14.451   86.0 0 1 0.000000 0.000000 0.000000
  22.0   0.368   22.0 0 1 0.000000 0.000000 0.000000
  72.0  34.939   72.0 0 1 0.000000 0.000000 0.000000
  11.0   1.083   11.0 0 1 0.000000 0.000000 0.000000
 500.0  87.849  500.0 0 1 0.000000 0.000000 0.000000
  93.0   2.218   93.0 0 1 0.000000 0.000000 0.000000
  46.0   1.089   46.0 0 1 0.000000 0.000000 0.000000
  35.0   7.172   35.0 0 1 0.000000 0.000000 0.000000
  65.0  15.080   65.0 0 1 0.000000 0.000000 0.000000
 500.0  25.581  500.0 0 1 0.000000 0.000000 0.000000
  51.0  14.700   51.0 0 1 0.000000 0.000000 0.000000
  52.0  27.994   52.0 0 1 0.000000 0.000000 0.000000
  31.0   3.096   31.0 0 1 0.000000 0.000000 0.000000
  55.0   5.119   55.0 0 1 0.000000 0.000000 0.000000
  57.0   0.265   57.0 0 1 0.000000 0.000000 0.000000
 500.0  32.035  500.0 0 1 0.000000 0.000000 0.000000
  95.0  14.646   95.0 0 1 0.000000 0.000000 0.000000
  21.0   3.950   21.0 0 1 0.000000 0.000000 0.000000
  41.0   6.696   41.0 0 1 0.000000 0.000000 0.000000
  23.0   4.721   23.0 0 1 0.000000 0.000000 0.000000
 500.0  44.576  500.0 0 1 0.000000 0.000000 0.000000
  32.0   2.212   32.0 0 1 0.000000 0.000000 0.000000
  65.0   0.251   65.0 0 1 0.000000 0.000000 0.000000
  57.0  27.948   57.0 0 1 0.000000 0.000000 0.000000
  86.0  14.451   86.0 0 1 0.000000 0.000000 0.000000
 500.0  34.329  500.0 0 1 0.000000 0.000000 0.000000
  22.0   0.368   22.0 0 1 0.000000 0.000000 0.000000
  72.0  34.939   72.0 0 1 0.000000 0.000000 0.000000
  11.0   1.083   11.0 0 1 0.000000 0.000000 0.000000
  93.0   2.218   93.0 0 1 0.000000 0.000000 0.000000
 500.0  87.849  500.0 0 1 0.000000 0.000000 0.000000
  46.0   1.089   46.0 0 1 0.000000 0.000000 0.000000
  35.0   7.172   35.0 0 1 0.000000 0.000000 0.000000
  65.0  15.080   65.0 0 1 0.000000 0.000000 0.000000
  51.0  14.700   51.0 0 1 0.000000 0.000000 0.000000
 500.0  25.581  500.0 0 1 0.000000 0.000000 0.000000
