   1 0.778786
   2 0.694577
   3 0.725444
   4 0.736177
   5 0.643236
   6 0.617747
   7 0.782445
   8 0.770414
   9 0.750625
  10 0.730414
  11 0.791801
  12 0.695446
  13 0.790917
  14 0.660918
  15 0.775561
  16 0.719379
  17 0.779034
  18 0.735925
  19 0.744574
  20 0.614254
  21 0.778451
  22 0.699286
  23 0.683123
  24 0.679430
  25 0.697550
  26 0.707824
  27 0.715491
  28 0.751345
  29 0.798193
  30 0.763368
  31 0.697672
  32 0.756681
  33 0.778340
  34 0.756573
  35 0.699185
  36 0.729714
  37 0.704584
  38 0.667236
  39 0.743337
  40 0.615141
  41 0.789359
  42 0.601653
  43 0.668387
  44 0.766583
  45 0.718385
  46 0.657505
  47 0.680379
  48 0.610131
  49 0.711186
  50 0.698242
  51 0.600656
  52 0.634468
  53 0.600241
  54 0.796735
  55 0.635815
  56 0.723986
  57 0.760773
  58 0.619771
  59 0.624692
  60 0.720050
  61 0.761818
  62 0.730856
  63 0.742752
  64 0.739998
  65 0.667017
  66 0.763109
  67 0.712849
  68 0.766714
  69 0.663438
  70 0.675105
  71 0.602895
  72 0.737029
  73 0.618786
  74 0.744471
  75 0.619379
  76 0.680873
  77 0.732070
  78 0.617866
  79 0.703738
  80 0.619888
  81 0.666642
  82 0.687766
  83 0.722994
  84 0.729031
  85 0.775331
  86 0.786777
  87 0.750589
  88 0.725080
  89 0.687778
  90 0.615576
  91 0.781458
  92 0.694180
  93 0.684043
  94 0.663147
  95 0.767418
  96 0.688372
  97 0.691229
  98 0.760600
  99 0.645464
 100 0.709429
 101 0.794136
 102 0.789452
 103 0.636995
 104 0.602770
 105 0.622484
 106 0.724031
 107 0.643033
 108 0.680744
 109 0.618916
 110 0.723568
 111 0.688830
 112 0.693931
 113 0.613736
 114 0.666750
 115 0.708763
 116 0.709197
 117 0.715380
 118 0.607542
 119 0.669408
 120 0.774209
 121 0.761504
 122 0.793429
 123 0.674238
 124 0.719203
 125 0.648959
 126 0.756266
 127 0.681327
 128 0.685628
 129 0.748856
 130 0.796004
 131 0.623738
 132 0.620293
 133 0.780072
 134 0.663431
 135 0.610929
 136 0.774508
 137 0.766377
 138 0.783202
 139 0.627667
 140 0.720479
 141 0.637008
 142 0.725732
 143 0.727877
 144 0.623101
 145 0.767248
 146 0.682097
 147 0.783833
 148 0.752009
 149 0.696099
 150 0.600676
 151 0.676493
 152 0.748089
 153 0.655795
 154 0.738805
 155 0.695083
 156 0.684079
 157 0.767845
 158 0.749394
 159 0.656682
 160 0.671942
 161 0.766564
 162 0.704872
 163 0.725341
 164 0.661393
 165 0.621788
 166 0.769405
 167 0.602719
 168 0.602094
 169 0.628989
 170 0.666997
 171 0.776574
 172 0.795462
 173 0.723474
 174 0.680963
 175 0.723145
 176 0.786680
 177 0.646854
 178 0.630035
 179 0.651122
 180 0.783432
 181 0.795586
 182 0.627403
 183 0.661756
 184 0.743510
 185 0.654232
 186 0.794702
 187 0.656215
 188 0.768216
 189 0.684053
 190 0.685337
 191 0.729817
 192 0.769566
 193 0.655979
 194 0.616003
 195 0.675674
 196 0.732087
 197 0.745664
 198 0.634778
 199 0.724746
 200 0.651253
 201 0.675581
 202 0.759795
 203 0.741902
 204 0.690231
 205 0.799124
 206 0.798698
 207 0.793564
 208 0.737291
 209 0.786472
 210 0.755829
 211 0.633085
 212 0.763769
 213 0.783733
 214 0.765803
 215 0.642773
 216 0.769379
 217 0.760381
 218 0.704138
 219 0.627719
 220 0.684854
 221 0.796195
 222 0.757428
 223 0.712495
 224 0.762799
 225 0.756835
 226 0.681497
 227 0.773272
 228 0.607518
 229 0.707082
 230 0.617358
 231 0.665792
 232 0.710044
 233 0.781668
 234 0.768678
 235 0.643410
 236 0.676152
 237 0.715844
 238 0.620146
 239 0.670041
 240 0.735346
 241 0.667917
 242 0.659972
 243 0.678698
 244 0.735402
 245 0.657840
 246 0.720532
 247 0.612378
 248 0.749480
 249 0.725209
 250 0.703891
 251 0.764856
 252 0.670631
 253 0.660043
 254 0.763441
 255 0.775645
 256 0.703352
 257 0.697723
 258 0.706565
 259 0.731190
 260 0.615207
 261 0.771248
 262 0.615952
 263 0.707919
 264 0.618996
 265 0.657212
 266 0.794358
 267 0.621652
 268 0.696237
 269 0.764660
 270 0.626800
 271 0.760163
 272 0.668171
 273 0.686123
 274 0.642642
 275 0.628862
 276 0.605155
 277 0.708648
 278 0.710963
 279 0.710139
 280 0.770688
 281 0.607855
 282 0.671632
 283 0.787891
 284 0.790558
 285 0.621059
 286 0.649945
 287 0.790820
 288 0.628003
 289 0.758214
 290 0.787328
 291 0.743613
 292 0.698603
 293 0.645516
 294 0.779642
 295 0.740329
 296 0.786645
 297 0.624306
 298 0.673374
 299 0.685017
 300 0.706419
 301 0.694634
 302 0.664855
 303 0.745289
 304 0.709571
 305 0.747988
 306 0.722803
 307 0.789773
 308 0.676329
 309 0.633292
 310 0.667293
 311 0.708422
 312 0.606496
 313 0.775023
 314 0.728550
 315 0.675845
 316 0.653997
 317 0.723951
 318 0.697463
 319 0.774288
 320 0.683886
 321 0.642672
 322 0.698473
 323 0.782132
 324 0.777123
 325 0.622587
 326 0.741164
 327 0.642297
 328 0.759265
 329 0.628362
 330 0.774441
 331 0.655230
 332 0.784938
 333 0.601204
 334 0.692142
 335 0.600848
 336 0.743710
 337 0.702190
 338 0.704368
 339 0.642712
 340 0.772907
 341 0.642799
 342 0.705363
 343 0.786374
 344 0.684420
 345 0.756325
 346 0.742192
 347 0.716557
 348 0.731787
 349 0.730429
 350 0.684674
 351 0.681880
 352 0.678437
 353 0.706009
 354 0.774423
 355 0.699367
 356 0.752166
 357 0.606356
 358 0.648331
 359 0.726368
 360 0.614870
 361 0.665023
 362 0.647129
 363 0.750998
 364 0.646558
 365 0.634348
 366 0.681465
 367 0.702916
 368 0.789172
 369 0.750005
 370 0.628145
 371 0.682464
 372 0.743657
 373 0.750986
 374 0.752854
 375 0.768650
 376 0.669261
 377 0.703365
 378 0.661155
 379 0.656919
 380 0.799641
 381 0.614130
 382 0.621586
 383 0.783658
 384 0.765502
 385 0.652538
 386 0.634832
 387 0.756731
 388 0.629313
 389 0.630771
 390 0.624431
 391 0.661390
 392 0.729138
 393 0.646581
 394 0.671412
 395 0.724297
 396 0.650747
 397 0.742102
 398 0.774883
 399 0.739297
 400 0.706630
 401 0.639053
 402 0.615084
 403 0.759878
 404 0.669809
 405 0.747220
 406 0.623108
 407 0.720958
 408 0.650647
 409 0.663490
 410 0.600950
 411 0.655367
 412 0.684699
 413 0.618248
 414 0.786143
 415 0.720385
 416 0.754554
 417 0.675501
 418 0.628545
 419 0.775467
 420 0.677433
 421 0.684098
 422 0.607619
 423 0.698385
 424 0.744901
 425 0.772452
 426 0.798776
 427 0.786662
 428 0.632660
 429 0.675336
 430 0.660046
 431 0.780786
 432 0.627980
 433 0.684423
 434 0.683765
 435 0.684270
 436 0.777836
 437 0.799576
 438 0.766162
 439 0.600760
 440 0.748065
 441 0.795234
 442 0.754776
 443 0.716657
 444 0.652106
 445 0.660159
 446 0.693628
 447 0.648381
 448 0.659744
 449 0.792787
 450 0.755761
 451 0.713429
 452 0.773899
 453 0.685836
 454 0.751443
 455 0.785881
 456 0.685937
 457 0.644896
 458 0.647709
 459 0.700509
 460 0.758054
 461 0.777776
 462 0.660025
 463 0.667858
 464 0.635921
 465 0.766571
 466 0.705388
 467 0.762673
 468 0.604530
 469 0.726096
 470 0.684644
 471 0.611296
 472 0.723074
 473 0.737021
 474 0.792820
 475 0.637280
 476 0.698382
 477 0.670353
 478 0.675286
 479 0.788501
 480 0.711406
 481 0.620333
 482 0.757851
 483 0.699685
 484 0.624254
 485 0.736139
 486 0.745712
 487 0.721029
 488 0.723270
 489 0.788672
 490 0.637914
 491 0.705905
 492 0.673040
 493 0.677446
 494 0.622836
 495 0.658327
 496 0.766954
 497 0.658543
 498 0.624787
 499 0.769886
 500 0.762372
 501 0.643625
 502 0.765028
 503 0.631900
 504 0.698068
 505 0.683885
 506 0.799177
 507 0.755044
 508 0.729537
 509 0.742343
 510 0.673357
 511 0.610220
 512 0.719006
 513 0.651978
 514 0.773564
 515 0.786332
 516 0.737655
 517 0.742343
 518 0.762550
 519 0.784136
 520 0.770032
 521 0.734541
 522 0.686027
 523 0.604045
 524 0.766602
 525 0.741686
 526 0.644101
 527 0.623867
 528 0.671371
 529 0.695061
 530 0.603273
 531 0.728165
 532 0.712618
 533 0.658640
 534 0.615723
 535 0.675755
 536 0.774156
 537 0.606794
 538 0.609225
 539 0.659520
 540 0.793833
 541 0.728021
 542 0.763203
 543 0.778237
 544 0.763246
 545 0.713371
 546 0.771467
 547 0.735840
 548 0.770525
 549 0.703784
 550 0.686699
 551 0.790495
 552 0.757572
 553 0.761977
 554 0.630356
 555 0.625304
 556 0.620405
 557 0.778851
 558 0.761979
 559 0.660463
 560 0.703143
 561 0.799855
 562 0.605185
 563 0.790028
 564 0.730136
 565 0.646040
 566 0.709768
 567 0.720394
 568 0.693801
 569 0.780862
 570 0.727597
 571 0.699028
 572 0.772127
 573 0.744157
 574 0.662065
 575 0.662670
 576 0.650438
 577 0.767926
 578 0.791647
 579 0.646874
 580 0.778479
 581 0.619400
 582 0.693531
 583 0.771437
 584 0.794907
 585 0.670449
 586 0.679714
 587 0.718028
 588 0.655825
 589 0.670530
 590 0.797062
 591 0.638623
 592 0.623567
 593 0.767991
 594 0.727740
 595 0.624005
 596 0.624061
 597 0.615837
 598 0.747559
 599 0.694996
 600 0.733904
 601 0.750527
 602 0.781463
 603 0.640413
 604 0.674635
 605 0.647570
 606 0.704282
 607 0.617486
 608 0.728135
 609 0.720535
 610 0.633302
 611 0.617003
 612 0.766642
 613 0.786156
 614 0.678445
 615 0.757943
 616 0.686113
 617 0.776090
 618 0.699418
 619 0.629744
 620 0.692702
 621 0.753354
 622 0.602580
 623 0.780964
 624 0.676617
 625 0.700428
 626 0.634900
 627 0.613480
 628 0.657127
 629 0.732247
 630 0.771213
 631 0.789549
 632 0.728934
 633 0.649149
 634 0.636511
 635 0.692213
 636 0.685705
 637 0.733432
 638 0.703302
 639 0.781239
 640 0.609378
 641 0.701152
 642 0.733401
 643 0.784055
 644 0.753475
 645 0.742151
 646 0.622346
 647 0.730422
 648 0.640366
 649 0.605136
 650 0.715021
 651 0.614634
 652 0.615377
 653 0.708934
 654 0.646589
 655 0.717706
 656 0.785129
 657 0.704538
 658 0.728567
 659 0.764241
 660 0.669471
 661 0.791398
 662 0.676435
 663 0.691550
 664 0.615671
 665 0.768508
 666 0.791806
 667 0.615786
 668 0.604535
 669 0.717197
 670 0.687932
 671 0.765576
 672 0.703793
 673 0.710341
 674 0.786299
 675 0.773101
 676 0.627889
 677 0.695523
 678 0.618449
 679 0.696698
 680 0.767104
 681 0.676477
 682 0.710376
 683 0.711035
 684 0.636456
 685 0.706925
 686 0.621077
 687 0.707062
 688 0.671497
 689 0.714231
 690 0.715417
 691 0.650783
 692 0.626686
 693 0.703055
 694 0.739236
 695 0.753858
 696 0.683514
 697 0.733653
 698 0.746351
 699 0.798003
 700 0.648182
 701 0.621809
 702 0.740664
 703 0.716345
 704 0.665562
 705 0.764483
 706 0.720939
 707 0.739993
 708 0.733172
 709 0.749723
 710 0.795398
 711 0.642480
 712 0.673227
 713 0.694327
 714 0.620014
 715 0.781373
 716 0.654199
 717 0.671033
 718 0.730983
 719 0.628087
 720 0.734951
 721 0.632449
 722 0.648454
 723 0.603879
 724 0.637852
 725 0.749390
 726 0.773998
 727 0.632698
 728 0.652674
 729 0.683210
 730 0.722847
 731 0.787241
 732 0.618293
 733 0.721117
 734 0.664179
 735 0.676129
 736 0.647107
 737 0.793503
 738 0.776381
 739 0.759142
 740 0.613116
 741 0.709228
 742 0.653173
 743 0.625690
 744 0.707376
 745 0.627689
 746 0.761563
 747 0.765053
 748 0.656411
 749 0.602421
 750 0.773456
 751 0.756523
 752 0.731652
 753 0.763366
 754 0.627933
 755 0.777817
 756 0.676773
 757 0.699470
 758 0.655717
 759 0.620865
 760 0.600680
 761 0.652372
 762 0.769961
 763 0.627200
 764 0.769559
 765 0.702959
 766 0.678378
 767 0.789273
 768 0.748042
 769 0.768849
 770 0.793934
 771 0.686599
 772 0.671515
 773 0.683240
 774 0.739474
 775 0.709605
 776 0.684487
 777 0.749996
 778 0.665310
 779 0.649911
 780 0.689476
 781 0.620536
 782 0.798667
 783 0.688816
 784 0.633172
 785 0.605843
 786 0.742193
 787 0.780643
 788 0.744931
 789 0.761449
 790 0.778546
 791 0.681383
 792 0.746179
 793 0.665893
 794 0.657523
 795 0.627878
 796 0.615711
 797 0.789175
 798 0.799816
 799 0.640124
 800 0.791598
 801 0.760200
 802 0.665302
 803 0.634369
 804 0.752452
 805 0.784508
 806 0.663947
 807 0.725805
 808 0.759772
 809 0.620648
 810 0.753216
 811 0.782095
 812 0.646591
 813 0.662086
 814 0.723193
 815 0.691745
 816 0.721932
 817 0.719517
 818 0.781596
 819 0.684190
 820 0.622273
 821 0.699284
 822 0.771431
 823 0.789022
 824 0.658134
 825 0.666378
 826 0.681656
 827 0.788881
 828 0.673394
 829 0.715447
 830 0.711798
 831 0.786975
 832 0.635623
 833 0.752333
 834 0.741769
 835 0.615157
 836 0.745785
 837 0.614251
 838 0.777957
 839 0.623697
 840 0.682675
 841 0.674951
 842 0.785074
 843 0.656683
 844 0.682554
 845 0.731304
 846 0.652826
 847 0.746339
 848 0.726170
 849 0.676127
 850 0.758346
 851 0.690768
 852 0.676733
 853 0.706570
 854 0.670957
 855 0.610702
 856 0.737407
 857 0.609612
 858 0.732597
 859 0.713500
 860 0.767963
 861 0.702235
 862 0.702520
 863 0.632674
 864 0.799586
 865 0.663233
 866 0.774099
 867 0.617760
 868 0.790352
 869 0.668555
 870 0.760556
 871 0.749465
 872 0.699891
 873 0.733780
 874 0.696657
 875 0.719843
 876 0.676786
 877 0.766844
 878 0.703252
 879 0.744624
 880 0.706453
 881 0.716064
 882 0.764967
 883 0.603151
 884 0.682390
 885 0.767579
 886 0.725412
 887 0.653914
 888 0.795369
 889 0.689691
 890 0.738223
 891 0.725118
 892 0.673072
 893 0.776817
 894 0.697560
 895 0.716094
 896 0.772963
 897 0.740466
 898 0.768018
 899 0.664029
 900 0.747412
 901 0.778851
 902 0.625421
 903 0.780369
 904 0.727455
 905 0.710883
 906 0.772767
 907 0.657975
 908 0.656785
 909 0.782151
 910 0.734408
 911 0.774418
 912 0.766675
 913 0.682768
 914 0.794914
 915 0.651859
 916 0.694502
 917 0.678598
 918 0.705963
 919 0.676672
 920 0.729042
 921 0.762387
 922 0.664762
 923 0.689379
 924 0.607189
 925 0.668065
 926 0.614068
 927 0.731315
 928 0.783145
 929 0.660569
 930 0.754691
 931 0.795721
 932 0.656276
 933 0.634703
 934 0.675766
 935 0.628627
 936 0.793553
 937 0.771847
 938 0.645032
 939 0.781456
 940 0.769403
 941 0.620224
 942 0.732484
 943 0.697123
 944 0.621663
 945 0.681032
 946 0.608055
 947 0.694893
 948 0.689532
 949 0.609621
 950 0.733146
 951 0.792341
 952 0.699234
 953 0.686996
 954 0.727826
 955 0.732744
 956 0.685458
 957 0.794914
 958 0.733513
 959 0.739973
 960 0.748014
 961 0.668721
 962 0.634653
 963 0.627533
 964 0.731326
 965 0.662864
 966 0.606557
 967 0.731287
 968 0.739698
 969 0.612783
 970 0.691098
 971 0.704936
 972 0.603481
 973 0.777736
 974 0.799386
 975 0.689744
 976 0.679607
 977 0.737645
 978 0.636862
 979 0.619437
 980 0.632206
 981 0.641565
 982 0.799382
 983 0.738769
 984 0.796293
 985 0.791658
 986 0.665786
 987 0.625141
 988 0.746542
 989 0.674596
 990 0.658324
 991 0.792637
 992 0.683450
 993 0.711328
 994 0.697212
 995 0.764018
 996 0.714973
 997 0.650019
 998 0.750835
 999 0.719473
1000 0.731506

=============================
1 0.799855 0.600241

=============================
2 0.799855 0.600241

=============================
3 0.799855 0.600241

=============================
4 0.799855 0.600241

=============================
5 0.799855 0.600241
